-4690.0
-4350.0
-4100.0
-4200.0
-3270.0
-3030.0
-3030.0
-3120.0
-1710.0
-1810.0
-2200.0
-2390.0
-1660.0
-3860.0
-2290.0
-1760.0
-1710.0
-2390.0
-4690.0
-2390.0
-2829.0
-3080.0
-3960.0
-3660.0
-3610.0
-3469.0
-2590.0
-1900.0
-1510.0
-1120.0
-780.0
-1460.0
-1710.0
-1460.0
-1370.0
-1900.0
-1370.0
-730.0
-340.0
490.0
1320.0
980.0
880.0
1950.0
1370.0
1610.0
930.0
1460.0
1220.0
2250.0
2590.0
2780.0
3030.0
2640.0
2980.0
3270.0
2690.0
2880.0
3030.0
2490.0
1270.0
1220.0
2440.0
1320.0
1070.0
630.0
-680.0
-930.0
-1510.0
-1710.0
-2730.0
-2640.0
-3760.0
-4590.0
-3960.0
-4300.0
-4830.0
-2780.0
-2829.0
-2730.0
-4930.0
-4690.0
-2000.0
-2640.0
-1270.0
540.0
2100.0
2150.0
3520.0
3220.0
3270.0
2690.0
2880.0
3520.0
3220.0
2730.0
2150.0
2050.0
1170.0
2390.0
1320.0
1610.0
2440.0
1860.0
680.0
200.0
-100.0
-2200.0
-3080.0
-4740.0
-4100.0
-3520.0
-2590.0
-2340.0
-2200.0
-1220.0
-680.0
-100.0
-880.0
-630.0
-2150.0
-1710.0
-2640.0
-3270.0
-3860.0
-4100.0
-4690.0
-4540.0
-3710.0
-3960.0
-4790.0
-5420.0
-5960.0
-6929.0
-7280.0
-7570.0
-9080.0
-9230.0
-8540.0
-8790.0
-8590.0
-7670.0
-7470.0
-5760.0
-4250.0
-1900.0
-100.0
780.0
1419.0
2100.0
2880.0
2930.0
1419.0
240.0
1320.0
1610.0
2100.0
3469.0
3710.0
4880.0
6350.0
7180.0
9620.0
11430.0
13040.0
15580.0
15430.0
15480.0
17480.0
14840.0
12700.0
9910.0
8400.0
6929.0
6400.0
5570.0
5470.0
4490.0
4830.0
2340.0
-630.0
-2000.0
-2050.0
-1510.0
-1170.0
-1320.0
1220.0
2490.0
3170.0
5030.0
6100.0
8590.0
8300.0
6790.0
6150.0
5180.0
3560.0
3030.0
1030.0
-1370.0
-3910.0
-6250.0
-8590.0
-11180.0
-12740.0
-15670.0
-19040.0
-20950.0
-21780.0
-22120.0
-20259.0
-18260.0
-17090.0
-12790.0
-9370.0
-7280.0
-6929.0
-4790.0
-3710.0
-2780.0
-2640.0
-4740.0
-7860.0
-7760.0
-9470.0
-9330.0
-4350.0
1220.0
4000.0
6450.0
11720.0
15380.0
17430.0
15480.0
16210.0
15089.0
12260.0
11720.0
10450.0
9720.0
-9230.0
-6790.0
-5180.0
-5760.0
-4830.0
-8400.0
-10400.0
-10990.0
-10890.0
-7710.0
-3610.0
-1170.0
-1860.0
-1370.0
-240.0
-3170.0
-1120.0
1510.0
3469.0
5570.0
8690.0
10300.0
11520.0
8980.0
5470.0
4150.0
3170.0
2780.0
1220.0
930.0
390.0
540.0
1120.0
4150.0
8350.0
12840.0
17820.0
21629.0
20610.0
19680.0
14890.0
11330.0
9080.0
5420.0
50.0
-930.0
-4000.0
-8450.0
-13919.0
-19580.0
-24710.0
-28030.0
-29000.0
-27340.0
-26760.0
-23929.0
-22070.0
-18990.0
-15380.0
-13570.0
-14010.0
-12940.0
-13670.0
-13430.0
-10250.0
-8250.0
-3520.0
-1900.0
-290.0
2290.0
4930.0
7760.0
10300.0
12300.0
10209.0
7620.0
5960.0
4790.0
4790.0
6790.0
9230.0
10550.0
10060.0
10640.0
10160.0
11470.0
11279.0
11570.0
10400.0
11230.0
9960.0
10890.0
10790.0
11570.0
11820.0
11570.0
11040.0
11130.0
9810.0
8149.0
6929.0
4740.0
2100.0
-390.0
-3910.0
-6590.0
-10990.0
-14400.0
-16460.0
-17920.0
-17480.0
-15580.0
-13330.0
-9620.0
-5620.0
-3030.0
-4490.0
-4740.0
-6100.0
-12160.0
-18070.0
-19340.0
-20170.0
-20410.0
-17580.0
-14750.0
-11960.0
-9860.0
-7420.0
-6010.0
-5420.0
-3760.0
-1710.0
630.0
4000.0
6100.0
9420.0
12300.0
14060.0
14260.0
12840.0
11180.0
10250.0
8840.0
7470.0
6640.0
5570.0
5320.0
4440.0
3710.0
1370.0
150.0
-540.0
-440.0
-200.0
-3220.0
-3710.0
-5470.0
-6879.0
-8840.0
16259.0
14210.0
11870.0
9180.0
6690.0
6450.0
8690.0
8640.0
8450.0
8690.0
8640.0
6250.0
5270.0
2930.0
1560.0
100.0
-1370.0
-2880.0
-5420.0
-6250.0
-8250.0
-7470.0
-6929.0
-5370.0
-6350.0
-5960.0
-5659.0
-6050.0
-5080.0
-4590.0
-3469.0
-1860.0
-3320.0
-6590.0
-8690.0
-13720.0
-14650.0
-17040.0
-16359.0
-13530.0
-11130.0
-9280.0
-7670.0
-8640.0
-8450.0
-7960.0
-7670.0
-8350.0
-6640.0
-5270.0
-5709.0
-4740.0
-4150.0
-2440.0
-3960.0
-2340.0
-680.0
240.0
2690.0
3560.0
4880.0
6740.0
8640.0
9670.0
11080.0
10990.0
9810.0
10300.0
9910.0
10500.0
9370.0
9280.0
9420.0
8590.0
7710.0
7130.0
5810.0
4490.0
3080.0
2440.0
4200.0
3560.0
3520.0
2540.0
1120.0
1070.0
2440.0
2340.0
2780.0
2640.0
3170.0
5370.0
3080.0
1220.0
1220.0
-490.0
780.0
1760.0
1419.0
2200.0
1760.0
1070.0
1070.0
780.0
730.0
1170.0
-340.0
-630.0
-830.0
-980.0
-880.0
-2150.0
-2930.0
-3320.0
-3080.0
-3910.0
-4390.0
-4050.0
-1070.0
50.0
-240.0
-630.0
-1460.0
-3370.0
-4490.0
-4490.0
-3420.0
-3320.0
-3120.0
-4250.0
-4390.0
-4350.0
-4880.0
-4050.0
-1270.0
2540.0
4100.0
4980.0
5760.0
5960.0
7180.0
6790.0
6640.0
6640.0
6840.0
4350.0
3120.0
3660.0
4050.0
6790.0
11180.0
13870.0
16460.0
16650.0
14010.0
10060.0
6879.0
5180.0
3960.0
3520.0
2730.0
2250.0
390.0
-490.0
1170.0
1170.0
3370.0
4350.0
5180.0
3610.0
1370.0
-1810.0
-3220.0
-3610.0
-3469.0
-3270.0
-2050.0
-1860.0
-1370.0
-1610.0
-200.0
1270.0
1810.0
3270.0
3320.0
1900.0
680.0
-1710.0
-2490.0
-2730.0
-3320.0
-4250.0
-4830.0
-4440.0
-3660.0
-1270.0
-100.0
390.0
830.0
980.0
1660.0
4100.0
3760.0
4350.0
2590.0
-50.0
-830.0
-2150.0
-4150.0
-3469.0
-4540.0
-1270.0
150.0
2250.0
4830.0
5860.0
8450.0
9910.0
9080.0
6350.0
1660.0
-2250.0
-4590.0
-8250.0
-8690.0
-9230.0
-7570.0
-5659.0
-3520.0
-150.0
1900.0
3910.0
4830.0
2340.0
1710.0
1170.0
-630.0
-1560.0
-2540.0
-3520.0
-4540.0
-6979.0
-9130.0
-10990.0
-12890.0
-14890.0
-14500.0
-15040.0
-15230.0
-14060.0
-14110.0
-13870.0
-14010.0
-14500.0
-13720.0
-13280.0
-12840.0
-11770.0
-8890.0
-3520.0
2829.0
7080.0
10890.0
12700.0
13040.0
12450.0
11130.0
10400.0
9620.0
8840.0
7420.0
5420.0
2829.0
830.0
-2250.0
-2200.0
-780.0
1460.0
3469.0
3760.0
-1170.0
-730.0
-630.0
-780.0
-1270.0
-1710.0
340.0
980.0
1270.0
-780.0
-780.0
-1660.0
-1760.0
-2780.0
-4640.0
-5320.0
-6050.0
-6250.0
-8640.0
-10740.0
-10600.0
-11330.0
-9720.0
-7860.0
-6150.0
-5080.0
-1560.0
1370.0
4250.0
4980.0
5180.0
4200.0
1860.0
780.0
-1419.0
-3030.0
-4930.0
-6840.0
-6790.0
-7130.0
-5620.0
-2980.0
-440.0
1220.0
2390.0
2690.0
830.0
-50.0
-2440.0
-2390.0
-3270.0
-4490.0
-3469.0
-3760.0
-5420.0
-7130.0
-9230.0
-11180.0
-11720.0
-12840.0
-10840.0
-8790.0
-4440.0
-3469.0
-2540.0
-2250.0
-2340.0
-340.0
630.0
2390.0
2100.0
4790.0
5960.0
6979.0
9180.0
8200.0
5620.0
1950.0
-780.0
-3710.0
-9280.0
-13819.0
-15380.0
-15530.0
-13530.0
-12060.0
-10940.0
-9810.0
-6350.0
-4150.0
-2930.0
-630.0
3860.0
7670.0
11570.0
13720.0
17870.0
21730.0
24120.0
24070.0
24560.0
22950.0
20120.0
18900.0
15280.0
13090.0
10790.0
7180.0
4540.0
3320.0
780.0
-1510.0
-2880.0
-3080.0
-440.0
4540.0
7960.0
8450.0
7670.0
5470.0
2690.0
540.0
-50.0
-240.0
1030.0
2150.0
2490.0
1860.0
240.0
-1419.0
-4540.0
-8060.0
-11080.0
-13380.0
-14360.0
-13040.0
-8790.0
-3960.0
830.0
2880.0
1860.0
-1220.0
-4100.0
-8400.0
-10990.0
-10160.0
-9620.0
-7570.0
-4640.0
-3030.0
-1760.0
-1270.0
-2100.0
-2930.0
-4880.0
-5709.0
-6540.0
-6690.0
-6979.0
-6540.0
-6840.0
-6979.0
-5220.0
-6300.0
-5620.0
-4790.0
-4690.0
-1419.0
150.0
1710.0
4930.0
6100.0
6540.0
5810.0
5659.0
4880.0
5470.0
6250.0
7570.0
8400.0
9810.0
11180.0
11180.0
10640.0
9470.0
7520.0
5910.0
5659.0
4930.0
5960.0
4590.0
3860.0
2980.0
3660.0
1950.0
1220.0
-930.0
-880.0
2440.0
6929.0
11960.0
14990.0
16020.0
14110.0
12010.0
8640.0
4150.0
200.0
-3370.0
-6690.0
-8840.0
-10600.0
-9130.0
-10350.0
-11379.0
-12400.0
-14010.0
-13180.0
-13040.0
-12400.0
-10350.0
-7620.0
-2980.0
1320.0
2100.0
3760.0
3120.0
3370.0
1419.0
-50.0
-3080.0
-4300.0
-5420.0
-4540.0
-5760.0
-4350.0
-3420.0
-3810.0
-2980.0
-3080.0
-3080.0
-4690.0
-4390.0
-4830.0
-4830.0
-3960.0
-3420.0
-2340.0
-2390.0
-1710.0
-200.0
-290.0
-930.0
-2200.0
-2930.0
-4440.0
-5270.0
-5370.0
-4980.0
-5709.0
-6929.0
-6740.0
-5659.0
-5270.0
-5220.0
-5420.0
-3910.0
-4690.0
-4740.0
-5080.0
-5520.0
-3320.0
-2690.0
-590.0
1320.0
2540.0
4390.0
5960.0
8790.0
9910.0
8790.0
10250.0
7180.0
6010.0
4200.0
4930.0
5320.0
4830.0
4690.0
4790.0
5030.0
5570.0
6490.0
7470.0
7910.0
8790.0
10109.0
9330.0
10840.0
9670.0
9470.0
8540.0
6640.0
5810.0
2490.0
-150.0
-2100.0
-5080.0
-7420.0
-10790.0
-11770.0
-13130.0
-14650.0
-15620.0
-16800.0
-17040.0
-15620.0
-14110.0
-9130.0
-7520.0
-7910.0
-7030.0
-6050.0
-5180.0
-3960.0
-880.0
-3080.0
-4640.0
-5130.0
-4640.0
-3170.0
-3910.0
-1419.0
-200.0
-540.0
-3030.0
-5320.0
-8250.0
-8840.0
-7670.0
-4150.0
-340.0
2590.0
4540.0
4880.0
3760.0
3320.0
880.0
2440.0
2100.0
1610.0
200.0
1950.0
4350.0
5860.0
6150.0
5080.0
3910.0
3220.0
3910.0
4350.0
3370.0
1660.0
1120.0
1320.0
830.0
3860.0
7030.0
6929.0
7130.0
6050.0
6010.0
3860.0
1510.0
-2980.0
-5220.0
-8500.0
-10890.0
-11960.0
-11670.0
-11620.0
-12649.0
-12350.0
-11330.0
-8890.0
-7230.0
-4590.0
-2730.0
-1610.0
-780.0
-630.0
830.0
1030.0
1419.0
100.0
980.0
630.0
780.0
730.0
240.0
-1070.0
-1070.0
-590.0
-1900.0
-1760.0
-1370.0
880.0
290.0
340.0
2000.0
5130.0
6590.0
7710.0
6690.0
5960.0
5220.0
4640.0
3170.0
2540.0
2050.0
1030.0
1170.0
1419.0
-440.0
390.0
630.0
-540.0
-2730.0
-4740.0
-6050.0
-6640.0
-6450.0
-6979.0
-7760.0
-8500.0
-6300.0
-6350.0
-5659.0
-4590.0
-5760.0
-6840.0
-7470.0
-6450.0
-5180.0
-2880.0
490.0
830.0
2490.0
2050.0
1460.0
150.0
-780.0
-1510.0
-3910.0
-5470.0
-6790.0
-6840.0
-8640.0
-8060.0
-8250.0
-7670.0
-7280.0
-7620.0
-7710.0
-6400.0
-5910.0
-6200.0
-6690.0
-7420.0
-6690.0
-5320.0
-1660.0
1950.0
4590.0
7080.0
7910.0
7080.0
7080.0
6929.0
6490.0
5620.0
5320.0
5270.0
4540.0
5080.0
4980.0
4930.0
5420.0
6350.0
6540.0
4880.0
4540.0
5810.0
4640.0
4930.0
5709.0
6400.0
6590.0
7420.0
6010.0
5320.0
4440.0
3610.0
2490.0
2590.0
2590.0
3760.0
3710.0
2980.0
3469.0
3469.0
3560.0
1070.0
1030.0
830.0
930.0
1030.0
290.0
1120.0
1220.0
-590.0
-1370.0
-2690.0
-3810.0
-4930.0
-5030.0
-5320.0
-3860.0
-2100.0
-1560.0
-1610.0
-1370.0
-3120.0
-2340.0
-1220.0
-290.0
50.0
-680.0
-100.0
-1510.0
-2930.0
-3270.0
-3660.0
-4440.0
-6540.0
-8149.0
-9520.0
-8540.0
-8400.0
-7810.0
-7960.0
-7710.0
-8500.0
-7420.0
-7570.0
-5220.0
-3030.0
-2880.0
-1419.0
-1460.0
-590.0
1070.0
2780.0
4300.0
4250.0
4150.0
3810.0
3520.0
1860.0
-590.0
-2590.0
-5860.0
-6740.0
-8010.0
-8350.0
-8740.0
-8980.0
-8300.0
-5620.0
-2540.0
830.0
7180.0
9520.0
13180.0
13670.0
10840.0
8110.0
5520.0
4690.0
5080.0
3520.0
2540.0
2780.0
2250.0
1320.0
1170.0
630.0
1460.0
2540.0
2780.0
1950.0
2490.0
3469.0
3270.0
4300.0
4930.0
4000.0
3760.0
3520.0
2980.0
2150.0
2690.0
2640.0
2780.0
3710.0
2590.0
830.0
-2540.0
-4000.0
-6590.0
-6640.0
-7230.0
-7420.0
-7760.0
-8740.0
-8010.0
-7420.0
-7810.0
-6790.0
-6840.0
-5659.0
-5620.0
-6250.0
-6490.0
-7180.0
-6929.0
-5810.0
-6929.0
-4980.0
-5270.0
-5220.0
-5320.0
-6690.0
-5659.0
-6690.0
-5620.0
-4440.0
-4590.0
-3960.0
-4490.0
-5080.0
-4690.0
-3220.0
-2000.0
-2690.0
-3910.0
-2590.0
-2290.0
-4200.0
-5320.0
-4100.0
-4880.0
-5709.0
-5860.0
-6690.0
-6350.0
-5420.0
0.0
4440.0
8250.0
10060.0
9770.0
9080.0
7370.0
5709.0
4490.0
2829.0
2829.0
1560.0
1900.0
1220.0
2200.0
2780.0
2930.0
3520.0
2690.0
2100.0
2490.0
2440.0
2730.0
2930.0
2640.0
2590.0
2000.0
2390.0
2050.0
2000.0
680.0
980.0
730.0
-100.0
-340.0
-680.0
-2000.0
-1760.0
-2200.0
-2340.0
-2829.0
-2730.0
-1950.0
-1950.0
-2200.0
-1810.0
-1419.0
-1900.0
-1760.0
-150.0
-490.0
50.0
1710.0
-2880.0
-3370.0
-3320.0
-3760.0
-2780.0
-2290.0
-1810.0
-1220.0
-1510.0
-1460.0
-780.0
-1419.0
-1170.0
-1070.0
-2490.0
-2829.0
-2050.0
-4200.0
-3660.0
-4100.0
-4540.0
-3860.0
-4050.0
-4150.0
-3710.0
-3420.0
-3760.0
-3469.0
-2440.0
-1560.0
-680.0
-490.0
1220.0
1370.0
440.0
2200.0
2290.0
2730.0
3170.0
3760.0
2440.0
2590.0
3030.0
2980.0
3270.0
5220.0
6929.0
7670.0
8300.0
8690.0
7280.0
6740.0
4740.0
3960.0
2150.0
1610.0
1170.0
-1860.0
-3960.0
-5130.0
-5810.0
-6010.0
-4690.0
-3610.0
-3170.0
-3080.0
-2930.0
-1760.0
-1660.0
-880.0
-2290.0
-2250.0
-1419.0
-1660.0
-2250.0
-1220.0
-1610.0
-1510.0
-1460.0
-1270.0
-1660.0
-2390.0
-2640.0
-2340.0
-2690.0
-2829.0
-2540.0
-3370.0
-1120.0
-780.0
880.0
1510.0
830.0
-1120.0
-2390.0
-3320.0
-3960.0
-3660.0
-2490.0
-2150.0
-2100.0
-2290.0
-3420.0
-3420.0
-2930.0
-1860.0
-1660.0
-2100.0
-1810.0
-2490.0
-3080.0
-3170.0
-3710.0
-2050.0
-2880.0
-1320.0
-1030.0
-1710.0
-1560.0
100.0
3660.0
3120.0
3710.0
3810.0
2540.0
2390.0
540.0
-100.0
-630.0
-2200.0
-1460.0
-2880.0
-3220.0
-2640.0
-3270.0
-3660.0
-4880.0
-4740.0
-4740.0
-5130.0
-5420.0
-5659.0
-5220.0
-5420.0
-6010.0
-4390.0
-4300.0
-3810.0
-2590.0
-1760.0
-1660.0
-490.0
240.0
780.0
1810.0
2100.0
3520.0
2340.0
2050.0
240.0
830.0
200.0
-1030.0
-290.0
-290.0
1220.0
2290.0
2590.0
1510.0
490.0
-2290.0
-1610.0
-3660.0
-3520.0
-4000.0
-2930.0
-2829.0
-2780.0
-50.0
2390.0
4590.0
6979.0
9960.0
10550.0
10400.0
9720.0
9670.0
10109.0
9670.0
9670.0
8640.0
4880.0
-50.0
-4250.0
-8149.0
-12160.0
-13430.0
-13130.0
-13720.0
-13330.0
-13530.0
-12210.0
-10600.0
-8540.0
-6690.0
-3120.0
440.0
1710.0
830.0
730.0
1030.0
490.0
-290.0
930.0
1460.0
200.0
-200.0
-200.0
390.0
1170.0
2200.0
440.0
-930.0
-390.0
-2100.0
-4980.0
-6150.0
-5470.0
-6490.0
-6150.0
-5270.0
-4150.0
-3710.0
-2490.0
-200.0
4000.0
4350.0
5470.0
7230.0
8010.0
11960.0
14110.0
13090.0
12649.0
8350.0
6300.0
5270.0
4690.0
4490.0
4100.0
5080.0
4390.0
3420.0
3120.0
2980.0
50.0
-630.0
-1560.0
-1170.0
-2730.0
-3030.0
-3960.0
-2980.0
-3420.0
-3469.0
-3120.0
-1860.0
-1370.0
440.0
1220.0
-780.0
-2490.0
-2640.0
-3710.0
-2980.0
-4440.0
-4590.0
-6690.0
-10550.0
-13380.0
-16020.0
-16850.0
-16460.0
-15580.0
-12060.0
-10600.0
-9670.0
-8790.0
-10740.0
-13130.0
-16890.0
-17040.0
-17970.0
-17770.0
-11670.0
-4100.0
5370.0
17380.0
23580.0
28120.0
30860.0
27780.0
25390.0
21190.0
19190.0
16650.0
14600.0
13130.0
13770.0
14110.0
12400.0
12260.0
9910.0
9570.0
8450.0
6150.0
3760.0
-1660.0
-7420.0
-11470.0
-15280.0
-17190.0
-15620.0
-15230.0
-12649.0
-11379.0
-8890.0
-4590.0
-2690.0
50.0
590.0
540.0
2880.0
3469.0
5910.0
5470.0
5860.0
8110.0
8400.0
8450.0
8540.0
5760.0
5080.0
1510.0
-1120.0
-2640.0
-5180.0
-8110.0
-10209.0
-12110.0
-14650.0
-17430.0
-17820.0
-16990.0
-15140.0
-12740.0
-10890.0
-8300.0
-3120.0
2540.0
8400.0
9080.0
9720.0
10640.0
10990.0
6790.0
4790.0
3420.0
-290.0
-2440.0
-5130.0
-7230.0
-6879.0
-9280.0
-9280.0
-10400.0
-8010.0
-8640.0
-7030.0
-4980.0
-3170.0
-4100.0
-4100.0
-5080.0
-4050.0
-3760.0
-3030.0
-2100.0
-2050.0
-290.0
290.0
340.0
1270.0
3420.0
5180.0
5810.0
8500.0
9620.0
9620.0
9330.0
8110.0
5520.0
3420.0
2250.0
-490.0
-2200.0
-4200.0
-4740.0
-6010.0
-6879.0
-6979.0
-5760.0
-1560.0
2100.0
4350.0
3710.0
1030.0
-1610.0
-5080.0
-5910.0
-6540.0
-5659.0
-4490.0
-5080.0
-4440.0
-2780.0
730.0
7030.0
12500.0
17630.0
19340.0
19340.0
18700.0
15870.0
12060.0
8540.0
5220.0
5080.0
3860.0
3469.0
2730.0
3810.0
6979.0
9230.0
8940.0
9230.0
8149.0
1710.0
-1860.0
-3610.0
-4690.0
-6979.0
-7130.0
-7960.0
-7960.0
-6979.0
-5709.0
-6150.0
-6790.0
-8980.0
-11230.0
-14450.0
-17770.0
-19040.0
-21680.0
-23390.0
-22850.0
-23190.0
-21000.0
-19040.0
-16600.0
-13430.0
-10350.0
-5960.0
-2490.0
-590.0
2340.0
3469.0
3120.0
2250.0
2390.0
2290.0
2250.0
4930.0
5760.0
6690.0
7520.0
7030.0
6590.0
6840.0
8010.0
9420.0
11279.0
10940.0
12010.0
13570.0
16160.0
15670.0
15380.0
18120.0
17530.0
18360.0
16650.0
14550.0
13330.0
12300.0
10550.0
8300.0
5180.0
2829.0
880.0
-780.0
-290.0
340.0
1120.0
1610.0
1900.0
3760.0
4390.0
4150.0
2100.0
-490.0
-3760.0
-7130.0
-8590.0
-9770.0
-10109.0
-10500.0
-9620.0
-8250.0
-7130.0
-6640.0
-7860.0
-8640.0
-9370.0
-10890.0
-10009.0
-10550.0
-9280.0
-7810.0
-4640.0
-2880.0
-2150.0
-2440.0
-2640.0
-5420.0
-7230.0
-8790.0
-10009.0
-10840.0
-11570.0
-11520.0
-12740.0
-14400.0
-13720.0
-14260.0
-13770.0
-12210.0
-14010.0
-15140.0
-15620.0
-15670.0
-15280.0
-14360.0
-13570.0
-10840.0
-7620.0
-1220.0
3660.0
6740.0
10109.0
11040.0
10160.0
9570.0
7570.0
7080.0
5220.0
6010.0
6450.0
6200.0
6350.0
6350.0
4100.0
2100.0
340.0
-1760.0
-3960.0
-5220.0
-5130.0
-4830.0
-3710.0
-3170.0
-1560.0
-3080.0
-3520.0
-4540.0
-4390.0
-4390.0
-2730.0
-1810.0
1220.0
1070.0
-630.0
-100.0
-1170.0
-2540.0
-4250.0
-5370.0
-6979.0
-7620.0
-9180.0
-11330.0
-11720.0
-11870.0
-11230.0
-9910.0
-9420.0
-6150.0
-4830.0
-3520.0
-2390.0
-1610.0
-1370.0
240.0
2290.0
3760.0
2390.0
3420.0
5810.0
4980.0
6400.0
6150.0
6400.0
8690.0
9330.0
10600.0
11330.0
12110.0
11960.0
11379.0
10060.0
8300.0
7130.0
5810.0
3420.0
2000.0
-780.0
630.0
-780.0
-1810.0
-2440.0
-2440.0
-2050.0
-3610.0
-3610.0
-4000.0
-3910.0
-4830.0
-3660.0
-3170.0
-2690.0
-3220.0
-1710.0
-3320.0
-3910.0
-5520.0
-7370.0
-7810.0
-7420.0
-6050.0
-5370.0
-5659.0
-5860.0
-6350.0
-9910.0
-12649.0
-13430.0
-10740.0
-6050.0
-1510.0
5760.0
10109.0
12740.0
11620.0
10009.0
10250.0
10109.0
11470.0
13959.0
12940.0
11230.0
7960.0
5180.0
2290.0
-630.0
-5220.0
-8400.0
-10550.0
-11820.0
-12450.0
-12260.0
-11960.0
-12110.0
-13330.0
-14650.0
-14260.0
-14310.0
-12160.0
-11770.0
-9670.0
-8840.0
-9080.0
-15140.0
-17290.0
-20360.0
-17530.0
-15280.0
-11570.0
-8060.0
-4790.0
590.0
10790.0
19480.0
28220.0
34280.0
37450.0
38570.0
36960.0
33690.0
30760.0
27150.0
24660.0
22020.0
20019.0
17970.0
14990.0
11279.0
8500.0
6050.0
4440.0
3120.0
980.0
930.0
-1370.0
-4690.0
-6979.0
-7810.0
-7620.0
-6010.0
-6150.0
-6100.0
-6350.0
-4590.0
-2829.0
-1810.0
440.0
1660.0
3810.0
4050.0
4690.0
4350.0
6640.0
8690.0
9280.0
8890.0
8250.0
7910.0
7670.0
6929.0
6250.0
4300.0
3860.0
2440.0
1270.0
-1610.0
-4440.0
-6400.0
-7370.0
-8200.0
-8350.0
-8740.0
-8149.0
-8350.0
-9180.0
-8740.0
-8740.0
-8540.0
-9520.0
-8840.0
-9130.0
-11130.0
-11720.0
-13530.0
-14550.0
-15380.0
-14550.0
-14010.0
-13770.0
-12010.0
-10209.0
-11620.0
-13330.0
-16650.0
-18990.0
-18800.0
-16060.0
-10450.0
-5370.0
-1610.0
2100.0
5270.0
7860.0
6640.0
6590.0
4250.0
6250.0
4150.0
4640.0
2690.0
590.0
-930.0
-3760.0
-5910.0
-6979.0
-6690.0
-7860.0
-6350.0
-4690.0
-2290.0
100.0
980.0
2829.0
2150.0
590.0
630.0
-50.0
-340.0
-630.0
2640.0
4250.0
5270.0
7910.0
10109.0
10890.0
10840.0
11670.0
12010.0
12549.0
12990.0
11180.0
10250.0
9670.0
5370.0
1460.0
-680.0
-1660.0
-2780.0
-2150.0
-2440.0
-2000.0
-1950.0
-540.0
440.0
-1370.0
-2490.0
-4440.0
-5370.0
-4930.0
-2640.0
1170.0
5520.0
7670.0
9470.0
11230.0
10990.0
8540.0
7470.0
6150.0
3910.0
3910.0
1560.0
1370.0
780.0
1120.0
930.0
150.0
-2340.0
-4540.0
-6879.0
-9910.0
-8110.0
-7420.0
-6790.0
-5270.0
-4350.0
-4150.0
-4250.0
-3320.0
-4830.0
-6150.0
-7180.0
-9280.0
-12350.0
-13959.0
-15280.0
-15820.0
-15480.0
-12940.0
-10690.0
-9370.0
-8690.0
-6400.0
-8640.0
-8500.0
-7230.0
-5709.0
-4740.0
-3170.0
-1270.0
-1270.0
440.0
1030.0
1120.0
1760.0
1419.0
1030.0
1220.0
1460.0
1760.0
1419.0
2829.0
4690.0
7230.0
8690.0
10060.0
11570.0
10890.0
10350.0
9280.0
7520.0
6250.0
4690.0
4000.0
1419.0
1419.0
930.0
830.0
-930.0
-2640.0
-2540.0
-1900.0
-1170.0
-1270.0
-2780.0
-5370.0
-6929.0
-7620.0
-8790.0
-9030.0
-8350.0
-5570.0
-4100.0
-2200.0
-1560.0
200.0
930.0
1510.0
2150.0
2440.0
2250.0
1220.0
2690.0
3469.0
4640.0
5520.0
5910.0
5520.0
6740.0
6050.0
5370.0
3810.0
3610.0
2930.0
2780.0
2880.0
3030.0
2200.0
1320.0
680.0
-200.0
-2250.0
-4350.0
-5080.0
-5420.0
-5620.0
-5570.0
-5960.0
-5860.0
-4640.0
-5320.0
-4540.0
-2980.0
-3860.0
-2250.0
50.0
3760.0
6929.0
9280.0
9960.0
11130.0
10450.0
10009.0
7670.0
5320.0
4350.0
2730.0
3030.0
3270.0
4440.0
5420.0
6740.0
8010.0
9370.0
10600.0
10400.0
10009.0
8890.0
7810.0
6150.0
4980.0
5370.0
4200.0
4200.0
3120.0
3030.0
3560.0
3520.0
3420.0
2590.0
2050.0
-680.0
-1320.0
-1030.0
1170.0
2440.0
5080.0
4300.0
3810.0
3960.0
2640.0
1419.0
2100.0
2930.0
1900.0
-1419.0
-5080.0
-6450.0
-6350.0
-4880.0
340.0
4540.0
7710.0
5709.0
2590.0
-2930.0
-5520.0
-7130.0
-8790.0
-9370.0
-8250.0
-5760.0
-1900.0
-2880.0
-2050.0
-2340.0
-4740.0
-7520.0
-11230.0
-12210.0
-16020.0
-18550.0
-21970.0
-23190.0
-23440.0
-20410.0
-17040.0
-11080.0
-7080.0
-4640.0
-1710.0
-930.0
-1170.0
-780.0
-1419.0
-2150.0
-2440.0
-2390.0
-2390.0
-2000.0
-1810.0
-1120.0
-1760.0
-630.0
-340.0
680.0
1220.0
1760.0
240.0
-1610.0
-2780.0
-4740.0
-5860.0
-7230.0
-8200.0
-9860.0
-9180.0
-8740.0
-8980.0
-8980.0
-8790.0
-8640.0
-6790.0
-2730.0
-1170.0
540.0
1070.0
2590.0
1510.0
-780.0
-1610.0
-3710.0
-3710.0
-4200.0
-3220.0
-2540.0
-3120.0
-3370.0
-3469.0
-1950.0
390.0
3469.0
7320.0
10940.0
12300.0
10350.0
7030.0
4880.0
4100.0
3469.0
3810.0
4300.0
4350.0
3469.0
4880.0
5709.0
5659.0
4000.0
3860.0
2390.0
2150.0
-2340.0
-2780.0
-1810.0
-290.0
50.0
-390.0
-1030.0
-1900.0
-2250.0
-2390.0
-2829.0
-4150.0
-6450.0
-6640.0
-7370.0
-6490.0
-6150.0
-2930.0
-2250.0
200.0
730.0
2100.0
2730.0
3960.0
3760.0
3030.0
1810.0
1170.0
930.0
830.0
2100.0
2000.0
2640.0
2980.0
2490.0
2000.0
2640.0
2980.0
2690.0
2730.0
3660.0
4200.0
6050.0
4880.0
5620.0
5320.0
4690.0
3469.0
680.0
-2930.0
-4790.0
-5709.0
-5659.0
-4590.0
-4790.0
-5570.0
-6490.0
-5220.0
-4880.0
-3660.0
-3610.0
-2640.0
-1370.0
3810.0
8300.0
10550.0
11670.0
10600.0
9770.0
6100.0
1560.0
-2540.0
-5570.0
-6840.0
-7570.0
-8940.0
-10890.0
-11870.0
-13130.0
-11770.0
-12160.0
-10060.0
-8640.0
-6640.0
-3860.0
-1860.0
-240.0
2000.0
1900.0
1460.0
680.0
-1710.0
-4050.0
-6200.0
-7030.0
-9280.0
-9180.0
-10400.0
-9960.0
-10250.0
-9770.0
-8790.0
-6790.0
-2730.0
1710.0
6790.0
8940.0
10009.0
8450.0
11330.0
10690.0
8450.0
6150.0
3080.0
2100.0
540.0
-1460.0
-2980.0
-5220.0
-7910.0
-11470.0
-13280.0
-13620.0
-15380.0
-15040.0
-13770.0
-10740.0
-6100.0
-2390.0
100.0
2980.0
3810.0
4980.0
3120.0
2590.0
2390.0
3370.0
2640.0
3270.0
2390.0
340.0
590.0
1120.0
2340.0
4250.0
2829.0
3220.0
4200.0
3810.0
4590.0
4930.0
5320.0
4690.0
3370.0
3860.0
3120.0
3080.0
5130.0
5080.0
4790.0
-2250.0
-2930.0
-3520.0
-2690.0
-4050.0
-4000.0
-3420.0
-4540.0
-4100.0
-4100.0
-4050.0
-2980.0
-3960.0
-3610.0
-4000.0
-3560.0
-3560.0
-3910.0
-3560.0
-3960.0
-4000.0
-4390.0
-5220.0
-4980.0
-5520.0
-5220.0
-4490.0
-3030.0
-3610.0
-2880.0
-2930.0
-1030.0
-880.0
-980.0
-1220.0
-490.0
50.0
440.0
730.0
1460.0
1220.0
490.0
240.0
1560.0
1120.0
590.0
1070.0
980.0
1710.0
1560.0
2150.0
2200.0
1950.0
2640.0
3120.0
3370.0
2780.0
3520.0
3760.0
3660.0
4050.0
4050.0
3320.0
2780.0
2150.0
2200.0
2200.0
2100.0
930.0
1120.0
1860.0
830.0
1220.0
880.0
590.0
630.0
1660.0
980.0
830.0
200.0
930.0
590.0
1760.0
1170.0
240.0
-150.0
-540.0
-1270.0
-2200.0
-1810.0
-1860.0
-2150.0
-2250.0
-1270.0
-2250.0
-2590.0
-3120.0
-3610.0
-3660.0
-4050.0
-4300.0
-4150.0
-4390.0
-3960.0
-3810.0
-3660.0
-3860.0
-4390.0
-4350.0
-3469.0
-3170.0
-3120.0
-1660.0
-1220.0
-1370.0
-2690.0
-1070.0
-1660.0
-1900.0
-1760.0
150.0
-540.0
830.0
1070.0
980.0
730.0
730.0
1860.0
2200.0
4050.0
2200.0
3810.0
3370.0
1170.0
240.0
-50.0
-1030.0
-2250.0
-1900.0
-1950.0
-3420.0
-5130.0
-6450.0
-8200.0
-9370.0
-11330.0
-11520.0
-11470.0
-11820.0
-12700.0
-11870.0
-10109.0
-9180.0
-7130.0
-5810.0
-3810.0
-2000.0
240.0
1510.0
2780.0
4250.0
4390.0
5960.0
6740.0
6150.0
6690.0
6879.0
6490.0
7320.0
7180.0
6300.0
5760.0
6879.0
4980.0
3910.0
3270.0
4000.0
3030.0
2000.0
4100.0
1710.0
1070.0
3469.0
5130.0
5180.0
4250.0
5180.0
4640.0
4390.0
2780.0
3910.0
3710.0
4440.0
3810.0
2829.0
3660.0
1900.0
3030.0
4640.0
5320.0
5320.0
7280.0
6979.0
7760.0
6879.0
5570.0
2540.0
-1320.0
-4640.0
-5709.0
-7470.0
-8740.0
-9280.0
-9470.0
-11770.0
-13280.0
-15330.0
-17190.0
-19430.0
-21680.0
-24950.0
-27590.0
-28420.0
-29000.0
-28170.0
-28370.0
-26610.0
-26269.0
-26610.0
-25000.0
-23190.0
-20019.0
-17040.0
-15330.0
-14400.0
-10450.0
-9910.0
-8640.0
-2490.0
1270.0
7910.0
13770.0
21040.0
23730.0
23290.0
26760.0
26120.0
20900.0
17290.0
12450.0
7130.0
3220.0
4690.0
2490.0
3120.0
2780.0
2730.0
1900.0
-100.0
-1660.0
-6050.0
-7470.0
-8500.0
-6150.0
-5130.0
-1320.0
1460.0
2340.0
5659.0
6840.0
6879.0
8940.0
11130.0
13180.0
15330.0
16210.0
15720.0
16259.0
16650.0
16650.0
17430.0
17870.0
17720.0
17870.0
18260.0
17380.0
15140.0
13130.0
9180.0
6200.0
2290.0
-150.0
-5960.0
-8980.0
-10500.0
-10160.0
-8110.0
-10990.0
-8500.0
-9030.0
-8110.0
-8980.0
-9910.0
-11910.0
-11080.0
-9670.0
-8350.0
-4880.0
680.0
5659.0
7670.0
8940.0
10990.0
13770.0
12700.0
11720.0
9620.0
8540.0
8400.0
8450.0
6200.0
3960.0
1270.0
100.0
-2490.0
-4300.0
-4640.0
-3370.0
-4000.0
-6640.0
-9230.0
-11230.0
-13180.0
-14750.0
-15430.0
-16800.0
-15580.0
-13770.0
-12060.0
-9570.0
-6590.0
-8300.0
-8010.0
-10009.0
-12010.0
-13480.0
-12740.0
-7570.0
-2590.0
2730.0
8350.0
13570.0
17380.0
17330.0
17870.0
17820.0
18800.0
19970.0
17920.0
16110.0
15480.0
13330.0
11430.0
9370.0
7130.0
6350.0
5080.0
4640.0
2150.0
830.0
-2200.0
-4540.0
-7080.0
-9520.0
-11130.0
-13040.0
-13430.0
-13570.0
-15140.0
-16990.0
-16700.0
-15870.0
-12740.0
-9960.0
-7670.0
-4930.0
-3469.0
-3030.0
-2290.0
50.0
1810.0
3170.0
2590.0
1900.0
830.0
590.0
-630.0
-1950.0
590.0
930.0
4350.0
6300.0
7230.0
8060.0
6450.0
4000.0
-1610.0
-5420.0
-7470.0
-9130.0
-9130.0
-9330.0
-9960.0
-8200.0
-7620.0
-6300.0
-3910.0
-3810.0
-3520.0
-3810.0
-2540.0
-2829.0
-240.0
-1030.0
-1220.0
-2780.0
-4000.0
-4640.0
-7370.0
-9080.0
-9370.0
-7910.0
-4980.0
-3320.0
-2880.0
-2930.0
-240.0
-1120.0
-1070.0
-1860.0
5270.0
9420.0
11870.0
13620.0
14110.0
11960.0
11330.0
8640.0
5470.0
2200.0
-100.0
-490.0
-590.0
-100.0
880.0
-1760.0
-2490.0
-5320.0
-7670.0
-10450.0
-11720.0
-12060.0
-13430.0
-13530.0
-13090.0
-12450.0
-9720.0
-6590.0
-1320.0
1320.0
2829.0
2930.0
5180.0
7760.0
11130.0
16020.0
19240.0
19140.0
16990.0
15330.0
12010.0
8840.0
6540.0
5620.0
5080.0
4690.0
4830.0
4540.0
5659.0
5910.0
6200.0
5180.0
2440.0
680.0
340.0
-680.0
-2440.0
-4590.0
-6840.0
-9470.0
-8400.0
-10740.0
-9280.0
-10990.0
-10600.0
-11080.0
-12400.0
-13180.0
-12549.0
-14550.0
-15530.0
-17630.0
-19240.0
-20360.0
-18310.0
-13720.0
-10060.0
-6050.0
-4440.0
-4490.0
-2390.0
240.0
2980.0
4880.0
6300.0
6590.0
6879.0
6200.0
5270.0
5910.0
6200.0
6100.0
7230.0
7910.0
7810.0
7230.0
5910.0
5420.0
4830.0
3520.0
2490.0
1270.0
1460.0
780.0
-630.0
-1070.0
-730.0
-1760.0
-2440.0
-4100.0
-5810.0
-6010.0
-6840.0
-6840.0
-6490.0
-7130.0
-6490.0
-6350.0
-5520.0
-4640.0
-3170.0
-2250.0
540.0
2730.0
4740.0
5320.0
5620.0
5520.0
4150.0
1860.0
-780.0
-1660.0
-2829.0
-2829.0
-2930.0
-2540.0
-2340.0
-3370.0
-4930.0
-5420.0
-6050.0
-6790.0
-7320.0
-6590.0
-5620.0
-5320.0
-4640.0
-4300.0
-5370.0
-5960.0
-6150.0
-6100.0
-4100.0
-3860.0
-2590.0
-930.0
-1170.0
-980.0
-540.0
1810.0
9670.0
11180.0
12010.0
12300.0
13670.0
12300.0
11080.0
9570.0
8250.0
6350.0
5220.0
3760.0
2829.0
2880.0
3469.0
3420.0
2290.0
-1510.0
-4930.0
-8010.0
-8400.0
-7320.0
-4690.0
-3710.0
-2829.0
-3320.0
-2290.0
-2640.0
-2540.0
-2880.0
-2590.0
-2250.0
-2000.0
-680.0
1030.0
1950.0
1220.0
2050.0
930.0
-240.0
-1710.0
-4490.0
-6590.0
-7960.0
-10250.0
-10740.0
-10600.0
-10690.0
-11910.0
-13180.0
-13090.0
-13040.0
-11960.0
-12940.0
-12549.0
-13530.0
-12740.0
-9860.0
-5910.0
-440.0
3860.0
7280.0
10009.0
8690.0
10550.0
9570.0
9180.0
6690.0
3860.0
1070.0
-1760.0
-3170.0
-3560.0
-4640.0
-5709.0
-6450.0
-6740.0
-6300.0
-3960.0
-3960.0
-4000.0
-3560.0
-540.0
-200.0
150.0
1220.0
1860.0
3170.0
4980.0
6879.0
8980.0
7860.0
8350.0
9280.0
8690.0
7320.0
4690.0
1460.0
-2290.0
-4100.0
-6300.0
-6540.0
-5470.0
-4640.0
-3760.0
-3220.0
-2000.0
-4050.0
-6350.0
-9130.0
-12210.0
-10600.0
-9330.0
-5910.0
-1660.0
680.0
3420.0
4540.0
7570.0
11670.0
12700.0
15189.0
16359.0
17820.0
17480.0
16890.0
15430.0
13720.0
11040.0
9720.0
8010.0
7710.0
7710.0
7130.0
6400.0
3760.0
1460.0
-1170.0
-3610.0
-3860.0
-3080.0
-1710.0
-1419.0
-490.0
100.0
1070.0
1510.0
490.0
-680.0
-1660.0
-1710.0
-1070.0
-1419.0
-1710.0
-1860.0
-1810.0
-540.0
-2590.0
-3370.0
-4440.0
-5570.0
-4980.0
-4300.0
-4640.0
-3420.0
-4200.0
-4350.0
-4390.0
-4250.0
-5320.0
-4540.0
-2980.0
390.0
2150.0
4880.0
8110.0
10009.0
9910.0
9280.0
8790.0
6050.0
4150.0
1860.0
830.0
730.0
1560.0
4300.0
4590.0
8060.0
8250.0
9720.0
11330.0
11870.0
11960.0
10009.0
8740.0
7280.0
6879.0
8010.0
7620.0
5810.0
2440.0
390.0
-3120.0
-5570.0
-5659.0
-5659.0
-7710.0
-8540.0
-8500.0
-9720.0
-10940.0
-10500.0
-10250.0
-9180.0
-7620.0
-5570.0
-5810.0
-5620.0
-4350.0
-3560.0
-3860.0
-3910.0
-5470.0
-6300.0
-7710.0
-9910.0
-11720.0
-11470.0
-11820.0
-10450.0
-10790.0
-11570.0
-11820.0
-13280.0
-13720.0
-13919.0
-13130.0
-13130.0
-11670.0
-9030.0
-9130.0
-7860.0
-10209.0
-15089.0
-18990.0
-21090.0
-20850.0
-15089.0
-8840.0
-2730.0
2930.0
5320.0
7670.0
6790.0
7180.0
8590.0
11130.0
15530.0
18310.0
17190.0
16210.0
14750.0
14550.0
12500.0
12300.0
10990.0
8890.0
6740.0
4740.0
1860.0
1419.0
-50.0
0.0
-200.0
-490.0
830.0
2640.0
6050.0
9960.0
12500.0
11620.0
13230.0
12500.0
11820.0
9910.0
7230.0
6010.0
4350.0
2440.0
880.0
-1810.0
-5080.0
-6929.0
-8450.0
-9670.0
-10640.0
-10790.0
-11960.0
-14210.0
-15330.0
-15870.0
-14210.0
-13959.0
-12740.0
-11620.0
-10209.0
-8790.0
-6450.0
-2290.0
540.0
1610.0
-240.0
-1120.0
-2690.0
-5420.0
-7620.0
-9860.0
-11180.0
-10690.0
-10300.0
-8890.0
-7520.0
-5810.0
-4740.0
-7570.0
-7030.0
-4490.0
-1560.0
1270.0
2829.0
5620.0
6300.0
6350.0
6100.0
5659.0
5470.0
4250.0
2880.0
1810.0
-1419.0
-3760.0
-5659.0
-8010.0
-10209.0
-11720.0
-11180.0
-12400.0
-13620.0
-15920.0
-19140.0
-20610.0
-21040.0
-19190.0
-15230.0
-11330.0
-7760.0
-4790.0
-2390.0
-2250.0
-2980.0
-3320.0
-1610.0
-1610.0
880.0
1120.0
2050.0
3120.0
2490.0
1610.0
-150.0
-2730.0
-3960.0
-2930.0
-2829.0
-2340.0
-1220.0
1460.0
1419.0
4100.0
7320.0
10990.0
13130.0
14890.0
15189.0
16890.0
17480.0
17380.0
15970.0
11570.0
9670.0
6640.0
5180.0
3860.0
3469.0
4640.0
5320.0
7080.0
7710.0
9770.0
9470.0
11080.0
9860.0
9370.0
7670.0
5709.0
3710.0
3120.0
3270.0
2100.0
50.0
-1320.0
-1460.0
830.0
2340.0
4200.0
6350.0
6250.0
6400.0
5620.0
4390.0
3710.0
3080.0
630.0
930.0
-1170.0
-2540.0
-2880.0
-2200.0
-1710.0
-1900.0
-980.0
-1760.0
-2730.0
-4100.0
-6250.0
-8149.0
-9620.0
-11180.0
-11820.0
-12160.0
-11470.0
-11180.0
-10790.0
-10740.0
-11080.0
-10550.0
-9520.0
-8740.0
-8200.0
-8149.0
-8500.0
-9180.0
-9770.0
-8500.0
-7860.0
-7620.0
-6640.0
-6690.0
-7960.0
-5810.0
-5860.0
-3710.0
-1320.0
-2640.0
-1950.0
-1660.0
50.0
2340.0
2290.0
3320.0
5220.0
7470.0
8640.0
9770.0
9770.0
10009.0
9860.0
7620.0
4490.0
1030.0
-590.0
-2640.0
-3030.0
-1460.0
1760.0
9230.0
13130.0
15380.0
16060.0
15670.0
15530.0
20070.0
23140.0
23730.0
20120.0
14160.0
9960.0
7520.0
4830.0
3220.0
590.0
240.0
150.0
1760.0
4000.0
4690.0
3860.0
2100.0
200.0
-630.0
-2100.0
-3030.0
-880.0
680.0
2590.0
4000.0
5080.0
7180.0
8010.0
7130.0
4790.0
3170.0
-540.0
-3170.0
-6590.0
-10740.0
-13670.0
-16460.0
-16850.0
-17530.0
-17970.0
-14160.0
-13530.0
-13919.0
-13670.0
-12790.0
-13280.0
-13090.0
-13180.0
-11430.0
-8790.0
-6100.0
-2980.0
-830.0
780.0
2050.0
2730.0
2390.0
2930.0
390.0
-1270.0
-5860.0
-9130.0
-12940.0
-13180.0
-12400.0
-11180.0
-11520.0
-9860.0
-8060.0
-2730.0
2440.0
7810.0
9810.0
9770.0
8149.0
7130.0
6300.0
6100.0
5030.0
2440.0
2100.0
1120.0
830.0
2440.0
4390.0
5570.0
6450.0
6690.0
6200.0
5860.0
5620.0
4100.0
3170.0
3810.0
1610.0
2290.0
680.0
-680.0
-440.0
-2200.0
-2150.0
-2540.0
-3080.0
-2690.0
-2730.0
-2290.0
-2200.0
-1810.0
-3420.0
-4930.0
-7280.0
-8300.0
-10500.0
-12060.0
-13330.0
-13570.0
-13919.0
-12110.0
-9520.0
-7670.0
-5470.0
-3520.0
-1710.0
-290.0
1120.0
3120.0
4150.0
5270.0
5370.0
5910.0
5709.0
6200.0
5470.0
5030.0
3170.0
3030.0
2390.0
2250.0
1560.0
880.0
290.0
1610.0
1810.0
4440.0
4740.0
6840.0
6490.0
6010.0
-540.0
-780.0
-1320.0
-680.0
-390.0
-200.0
-1120.0
-2390.0
-3910.0
-5030.0
-4980.0
-4540.0
-3370.0
-2390.0
-1950.0
-2290.0
-1810.0
-1710.0
-2540.0
-3760.0
-4200.0
-4300.0
-4490.0
-5180.0
-5130.0
-5760.0
-4350.0
-3710.0
-4200.0
-3420.0
-4150.0
-1070.0
-540.0
-2980.0
-4880.0
-6540.0
-8790.0
-11130.0
-11330.0
-11130.0
-12010.0
-11379.0
-8350.0
-5810.0
-1030.0
3420.0
6450.0
9180.0
10009.0
7760.0
4250.0
1610.0
-880.0
-1220.0
1030.0
1900.0
2880.0
4300.0
5520.0
5860.0
5620.0
4490.0
2290.0
200.0
-2290.0
-2730.0
-4050.0
-5810.0
-2150.0
-1030.0
980.0
3660.0
6200.0
7910.0
7960.0
9470.0
10009.0
10300.0
9860.0
8740.0
-10009.0
-10790.0
-9860.0
-10250.0
-9770.0
-8890.0
-7960.0
-7760.0
-8200.0
-8300.0
-8010.0
-8250.0
-7370.0
-7030.0
-5470.0
-4790.0
-4000.0
-5320.0
-4250.0
-6450.0
-7030.0
-7080.0
-8300.0
-6300.0
-6740.0
-5420.0
-5320.0
-6540.0
-8250.0
-8690.0
-7960.0
-6790.0
-5570.0
-2980.0
100.0
2880.0
7130.0
11910.0
14400.0
15770.0
14500.0
12160.0
9960.0
6300.0
4150.0
3560.0
4050.0
4300.0
4980.0
6200.0
7860.0
9770.0
13720.0
13330.0
12790.0
10250.0
8590.0
8110.0
7960.0
6100.0
4150.0
290.0
-2930.0
-6640.0
-7960.0
-8350.0
-7420.0
-7030.0
-4050.0
-2000.0
1810.0
3420.0
4050.0
2980.0
1760.0
1950.0
1950.0
1419.0
2000.0
2150.0
2780.0
3560.0
4200.0
3560.0
3710.0
3860.0
3860.0
4050.0
3710.0
3760.0
3660.0
3420.0
4150.0
4300.0
5520.0
6590.0
6640.0
5810.0
5030.0
5570.0
3710.0
2100.0
980.0
-1070.0
-830.0
-2730.0
-3030.0
-4250.0
-5810.0
-7620.0
-6300.0
-9860.0
-8690.0
-9960.0
-13090.0
-13670.0
-15530.0
-16650.0
-14700.0
-17290.0
930.0
3220.0
4300.0
4930.0
7520.0
10209.0
12990.0
12210.0
10740.0
8200.0
6740.0
4880.0
3220.0
3420.0
2690.0
2290.0
680.0
50.0
-880.0
-1660.0
-2250.0
-2730.0
-2590.0
-3560.0
-3080.0
-4880.0
-6150.0
-5910.0
-4690.0
-4100.0
-3420.0
-4200.0
-4350.0
-4490.0
-4640.0
-3760.0
-2980.0
-2780.0
-1370.0
0.0
2000.0
3120.0
3320.0
2640.0
1220.0
290.0
-1270.0
-2780.0
-3320.0
-3320.0
-3810.0
-4880.0
-3660.0
-2880.0
-2730.0
-2250.0
-1950.0
-1170.0
-730.0
150.0
2390.0
4000.0
5570.0
6740.0
6840.0
6590.0
5470.0
4980.0
3270.0
2200.0
1860.0
590.0
830.0
50.0
980.0
-1710.0
-2490.0
-3030.0
-2690.0
-3030.0
-590.0
1220.0
290.0
590.0
1030.0
2150.0
3610.0
5270.0
6879.0
7910.0
9280.0
8590.0
8890.0
7080.0
5910.0
6929.0
6929.0
7470.0
7570.0
7710.0
7760.0
8640.0
9030.0
8690.0
8740.0
7760.0
6879.0
6100.0
4740.0
2150.0
-290.0
-240.0
150.0
930.0
1170.0
2730.0
2390.0
3910.0
4100.0
3910.0
3610.0
2930.0
1860.0
440.0
-880.0
-1120.0
-2880.0
-5570.0
-7230.0
-9570.0
-10690.0
-11770.0
-12450.0
-10690.0
-9570.0
-9280.0
-8940.0
-7760.0
-6540.0
-5659.0
-6200.0
-6150.0
-6979.0
-6690.0
-6690.0
-5620.0
-5659.0
-4640.0
-2880.0
-1900.0
-3120.0
-3030.0
-4590.0
-5420.0
-6490.0
-9080.0
-10109.0
-10400.0
-11230.0
-9810.0
-8500.0
-7030.0
-6200.0
-4690.0
-5960.0
-4440.0
-4350.0
-5270.0
-4350.0
-6050.0
-4200.0
-3170.0
-3220.0
-2050.0
-1860.0
-2050.0
-980.0
-50.0
1810.0
3520.0
5270.0
5030.0
3960.0
3520.0
2250.0
1860.0
1610.0
1900.0
3810.0
3080.0
3910.0
4200.0
5080.0
4740.0
5420.0
6100.0
6150.0
5910.0
6490.0
5709.0
2690.0
2829.0
2150.0
2250.0
1950.0
830.0
590.0
-1070.0
-1120.0
-1220.0
-1860.0
-2250.0
-1860.0
-3960.0
-3170.0
-2440.0
-3760.0
-4930.0
-6200.0
-7570.0
-8060.0
-8690.0
-8450.0
-8590.0
-8400.0
-7030.0
-6540.0
-6490.0
-6300.0
-6640.0
-6350.0
-5659.0
-5520.0
-5910.0
-5370.0
-5220.0
-4880.0
-5370.0
-6050.0
-5709.0
-6250.0
-6540.0
-7420.0
-8300.0
-6790.0
-8540.0
-9280.0
-9810.0
-10209.0
-10250.0
-9370.0
-8500.0
-6450.0
-5220.0
-1950.0
-1120.0
1950.0
3910.0
5620.0
4980.0
5860.0
6450.0
5470.0
6300.0
6350.0
6790.0
8060.0
9670.0
8350.0
9910.0
9860.0
9370.0
9030.0
9280.0
8590.0
7810.0
7520.0
7230.0
6840.0
6200.0
-540.0
-930.0
-440.0
-2050.0
-2000.0
-3910.0
-5620.0
-8940.0
-10450.0
-13230.0
-13919.0
-12110.0
-11960.0
-10690.0
-8590.0
-6150.0
-2930.0
-1860.0
-630.0
730.0
2050.0
2490.0
4300.0
3960.0
4350.0
3760.0
4000.0
3420.0
3469.0
1900.0
1610.0
-1419.0
-2780.0
-5220.0
-6879.0
-6300.0
-7470.0
-9330.0
-9670.0
-9770.0
-9960.0
-11520.0
-12160.0
-10500.0
-7520.0
-3270.0
-3270.0
-3220.0
-2200.0
-2780.0
-1660.0
-1070.0
-1370.0
-200.0
-1760.0
-2490.0
-2590.0
-2150.0
-1710.0
-680.0
-1070.0
3220.0
4690.0
6350.0
8400.0
9620.0
8350.0
8110.0
7230.0
6400.0
6929.0
5620.0
5860.0
6979.0
6790.0
6450.0
5370.0
5620.0
4100.0
3030.0
3520.0
4790.0
5960.0
8200.0
8740.0
5470.0
2100.0
-100.0
-590.0
-1560.0
-1950.0
-1419.0
0.0
1120.0
2640.0
3220.0
2640.0
2200.0
1220.0
-100.0
-540.0
-1220.0
-1760.0
-880.0
-390.0
340.0
1070.0
1900.0
2590.0
1610.0
2150.0
2050.0
2050.0
490.0
-630.0
-1270.0
-1560.0
-2250.0
-2590.0
-3610.0
-4300.0
-5760.0
-4830.0
-5370.0
-5570.0
-5960.0
-5270.0
-4440.0
-2930.0
-3320.0
-3560.0
-2490.0
-1120.0
-2250.0
-3030.0
-3810.0
-5130.0
-8690.0
-13530.0
-20259.0
-25630.0
-28470.0
-28860.0
-27590.0
-22750.0
-14990.0
-5810.0
-1370.0
2000.0
100.0
-390.0
2100.0
2730.0
3170.0
3610.0
3120.0
2590.0
3760.0
2590.0
1560.0
3120.0
3030.0
3520.0
3560.0
4250.0
3610.0
4300.0
4690.0
4880.0
5270.0
4980.0
4390.0
3960.0
3560.0
2150.0
590.0
-1030.0
-2730.0
-5080.0
-4930.0
-2780.0
-930.0
-830.0
-290.0
-2690.0
-540.0
540.0
1270.0
1950.0
490.0
-1370.0
-4980.0
-6400.0
-8060.0
-9130.0
-8300.0
-5220.0
-1900.0
1610.0
3469.0
4830.0
5220.0
3560.0
1120.0
-2100.0
-3660.0
-5130.0
-5220.0
-4930.0
-4250.0
-2540.0
-1120.0
-200.0
-930.0
-340.0
-830.0
-1270.0
-930.0
-590.0
1030.0
1460.0
1419.0
1710.0
2829.0
2730.0
1170.0
-1030.0
-2690.0
-4640.0
-4930.0
-5620.0
-6879.0
-6050.0
-5960.0
-4540.0
-4880.0
-4830.0
-5220.0
-4350.0
-4640.0
-7180.0
-9810.0
-13819.0
-15670.0
-13819.0
-13430.0
-11620.0
-9330.0
-7860.0
-6300.0
-4590.0
-930.0
2150.0
6200.0
6740.0
6590.0
4250.0
3120.0
540.0
-200.0
-630.0
-2100.0
-5130.0
-4690.0
-4980.0
-3469.0
-2200.0
-50.0
340.0
390.0
-1220.0
-1220.0
-1510.0
540.0
3469.0
4830.0
4690.0
3520.0
2100.0
50.0
1419.0
3710.0
7130.0
9860.0
12890.0
14890.0
15580.0
15920.0
17580.0
18120.0
18750.0
19290.0
18410.0
13570.0
10790.0
8250.0
5270.0
4490.0
5370.0
3760.0
3420.0
2980.0
5320.0
8200.0
10790.0
12840.0
13670.0
12260.0
9570.0
4490.0
-340.0
-5760.0
-9520.0
-11330.0
-11130.0
-12700.0
-13040.0
-12890.0
-13280.0
-14060.0
-14310.0
-13480.0
-13480.0
-10300.0
-6740.0
-4930.0
-3420.0
-2150.0
-730.0
-1710.0
-1900.0
-3170.0
-5709.0
-7180.0
-7620.0
-8110.0
-7470.0
-7910.0
-7810.0
-8840.0
-7710.0
-7080.0
-5810.0
-4830.0
-3610.0
-1760.0
-2000.0
390.0
1120.0
3610.0
4000.0
4350.0
5420.0
7080.0
6640.0
6300.0
6300.0
5960.0
4390.0
4790.0
-2250.0
-2250.0
-1950.0
-3220.0
-1560.0
-340.0
1610.0
4250.0
3220.0
1270.0
-440.0
-5860.0
-8200.0
-10060.0
-12110.0
-14360.0
-16359.0
-18650.0
-17820.0
-16890.0
-14260.0
-11620.0
-9230.0
-4830.0
-2150.0
-440.0
980.0
1370.0
3810.0
5080.0
6540.0
7030.0
7080.0
7420.0
6540.0
5620.0
4690.0
2640.0
2290.0
50.0
-1510.0
-3420.0
-5910.0
-7320.0
-7760.0
-7320.0
-6050.0
-5420.0
-4930.0
-3469.0
-2390.0
440.0
3610.0
6490.0
10109.0
12210.0
14010.0
13040.0
11470.0
9520.0
7710.0
3960.0
2100.0
980.0
-590.0
-2540.0
-4150.0
-3660.0
-5520.0
-6840.0
-11230.0
-10840.0
-12700.0
-13040.0
-14060.0
-13819.0
-13090.0
-12210.0
-8980.0
-5420.0
-2440.0
-2200.0
-440.0
2100.0
2150.0
2690.0
2780.0
1320.0
-100.0
-1460.0
-2980.0
-4790.0
-6540.0
-6400.0
-7670.0
-7910.0
-7960.0
-8450.0
-10500.0
-9470.0
-6790.0
-4250.0
-2690.0
-100.0
1510.0
4250.0
7710.0
10690.0
12549.0
12840.0
12549.0
11520.0
10600.0
7670.0
6879.0
4250.0
1660.0
630.0
590.0
590.0
680.0
-1660.0
-2540.0
-1900.0
100.0
2150.0
5620.0
6640.0
7670.0
6450.0
6350.0
5080.0
4000.0
3560.0
3760.0
4880.0
5860.0
6690.0
7420.0
7810.0
7080.0
6590.0
5910.0
4930.0
3560.0
3320.0
3080.0
2880.0
2390.0
-490.0
-2640.0
-4200.0
-3469.0
-2980.0
-200.0
780.0
880.0
-3420.0
-4100.0
-5520.0
-5180.0
-5570.0
-5620.0
-4050.0
-2829.0
-3610.0
-5320.0
-5760.0
-8940.0
-12740.0
-13620.0
-14600.0
-14060.0
-11130.0
-7570.0
-3960.0
-2150.0
-630.0
2290.0
3469.0
3710.0
3860.0
3710.0
3810.0
2640.0
3910.0
2150.0
2390.0
1419.0
-1900.0
-3120.0
-5080.0
-4930.0
-4640.0
-4000.0
-1760.0
-1950.0
340.0
1660.0
2640.0
2980.0
3660.0
4300.0
4350.0
5220.0
5370.0
5760.0
5270.0
4930.0
4740.0
3560.0
1900.0
1320.0
-390.0
-2050.0
-2290.0
-1810.0
-1860.0
-2440.0
-3170.0
-3030.0
-2490.0
-2980.0
-4150.0
-5810.0
-6250.0
-7180.0
-6929.0
-6590.0
-4540.0
-3960.0
-3320.0
-3560.0
-2000.0
-3370.0
-3469.0
-2540.0
-4100.0
-3610.0
-3910.0
-2590.0
-1270.0
-1370.0
-2200.0
-5659.0
-10450.0
-12450.0
-15670.0
-15280.0
-15770.0
-15620.0
-14400.0
-13040.0
-12400.0
-10550.0
-9470.0
-7760.0
-6540.0
-3420.0
-1610.0
1810.0
3270.0
5659.0
7420.0
7370.0
7960.0
8300.0
7370.0
4880.0
3220.0
290.0
-980.0
-780.0
730.0
1660.0
2340.0
5520.0
7910.0
9570.0
11330.0
12060.0
12700.0
12649.0
12010.0
10550.0
7520.0
5810.0
6050.0
3810.0
2390.0
240.0
-930.0
-1860.0
-3560.0
-3030.0
-2780.0
-2390.0
-3520.0
-4350.0
-6050.0
-10060.0
-15920.0
-18850.0
-21190.0
-20510.0
-15330.0
-8540.0
2390.0
12700.0
21480.0
25339.0
25590.0
23290.0
18750.0
14160.0
11080.0
8450.0
6590.0
5130.0
4690.0
3220.0
2200.0
1220.0
1810.0
1220.0
1370.0
1950.0
3320.0
3120.0
4200.0
3469.0
3370.0
3030.0
2290.0
540.0
540.0
1120.0
1900.0
3220.0
2150.0
4830.0
5520.0
4690.0
2690.0
2000.0
390.0
830.0
-200.0
1419.0
2780.0
3120.0
100.0
-3560.0
-5080.0
-3610.0
-2000.0
630.0
3520.0
4440.0
2829.0
1220.0
-440.0
-2590.0
-3760.0
-5570.0
-6400.0
-8690.0
-9180.0
-12790.0
-14890.0
-16850.0
-19730.0
-20560.0
-19340.0
-18210.0
-18950.0
-20170.0
-22070.0
-22120.0
-20170.0
-18210.0
-13770.0
-10160.0
-7520.0
-3760.0
-6010.0
-7180.0
-7860.0
-8790.0
-10890.0
-13180.0
-15040.0
-14160.0
-14110.0
-14500.0
-11180.0
-9860.0
-7180.0
-5030.0
-4350.0
-2290.0
-1220.0
-1460.0
150.0
1460.0
2730.0
4100.0
5180.0
5470.0
6790.0
6490.0
7370.0
6979.0
4880.0
4100.0
3370.0
1760.0
490.0
780.0
2340.0
6350.0
9810.0
12110.0
15670.0
17920.0
15720.0
14310.0
9470.0
8350.0
6840.0
4540.0
4000.0
3220.0
5470.0
5220.0
5760.0
7420.0
5370.0
3860.0
2100.0
-50.0
-1560.0
-4000.0
-4880.0
-6400.0
-7620.0
-6640.0
-4880.0
-3910.0
-1510.0
2000.0
5130.0
9230.0
11520.0
12400.0
13480.0
12740.0
11910.0
11720.0
11330.0
10209.0
10600.0
10300.0
11080.0
11520.0
10350.0
9960.0
8740.0
6690.0
5320.0
4150.0
3220.0
1660.0
1270.0
-390.0
-630.0
-2590.0
-2880.0
-3220.0
-4590.0
-4050.0
-4250.0
-5420.0
-5180.0
-4880.0
-5860.0
-5709.0
-5810.0
-5910.0
-6640.0
-7570.0
-7760.0
-6879.0
-5860.0
-4980.0
-5080.0
-4640.0
-3960.0
-3030.0
-2880.0
-2780.0
-2690.0
-1760.0
-2490.0
-2590.0
-2640.0
-2590.0
-2730.0
-2880.0
-1560.0
-2640.0
-2780.0
-2829.0
-2880.0
-2780.0
-3120.0
-2150.0
-1950.0
-1170.0
-2340.0
1070.0
1170.0
880.0
-490.0
-2440.0
-2829.0
-630.0
1170.0
2980.0
5320.0
6050.0
4740.0
3320.0
2490.0
2690.0
1950.0
1610.0
390.0
-2290.0
-3710.0
-6100.0
-6300.0
-7080.0
-8350.0
-6979.0
-6790.0
-6790.0
-6450.0
-5030.0
-4300.0
-4000.0
-2780.0
-1610.0
-2000.0
-2250.0
-3370.0
-3860.0
-5180.0
-6100.0
-6490.0
-5860.0
-6350.0
-7420.0
-9370.0
-10790.0
-11870.0
-12300.0
-11820.0
-10160.0
-6740.0
-2590.0
2390.0
5960.0
9520.0
12350.0
12649.0
13870.0
15720.0
12110.0
9470.0
5180.0
1419.0
390.0
2340.0
2980.0
6300.0
7280.0
7670.0
6790.0
6740.0
5130.0
2730.0
2440.0
1660.0
780.0
780.0
-1170.0
-2000.0
-5659.0
-8300.0
-8540.0
-8500.0
-8890.0
-9960.0
-9370.0
-7230.0
-5180.0
-440.0
-680.0
50.0
-1610.0
-4000.0
-7280.0
-8890.0
-9670.0
-10550.0
-9860.0
-8940.0
-7180.0
-4880.0
-3560.0
-3270.0
-2690.0
-3030.0
-3270.0
-2340.0
-1070.0
930.0
4300.0
6790.0
7670.0
8200.0
7470.0
7620.0
6690.0
4930.0
2250.0
1710.0
1220.0
880.0
1120.0
340.0
240.0
-50.0
-1460.0
-2540.0
-3320.0
-4050.0
-3220.0
-2590.0
-1170.0
290.0
290.0
-390.0
-1710.0
-50.0
150.0
590.0
-880.0
-2100.0
-2540.0
-3610.0
-2980.0
-4050.0
-3760.0
-4740.0
-4690.0
-4590.0
-3370.0
-2100.0
-680.0
200.0
980.0
540.0
1660.0
2150.0
2730.0
2150.0
1660.0
2829.0
4590.0
5910.0
7320.0
7280.0
7280.0
7320.0
8350.0
8250.0
7570.0
8640.0
8250.0
7030.0
7230.0
7130.0
5180.0
6050.0
4540.0
4930.0
3710.0
4100.0
1419.0
1460.0
1270.0
1120.0
1370.0
-590.0
-630.0
-1710.0
-2250.0
-2930.0
-3810.0
-4300.0
-4590.0
-3760.0
-4440.0
-3320.0
-3560.0
-3910.0
-3120.0
-1660.0
590.0
2050.0
4490.0
5220.0
6300.0
4790.0
4690.0
4690.0
3370.0
2980.0
2490.0
1120.0
-290.0
-680.0
490.0
1220.0
1560.0
2100.0
1610.0
1270.0
1560.0
2000.0
1270.0
390.0
2340.0
2440.0
2880.0
1810.0
630.0
-240.0
-1370.0
-3170.0
-5420.0
-6450.0
-7860.0
-7030.0
-6879.0
-7030.0
-6690.0
-7620.0
-7370.0
-6490.0
-5470.0
-4100.0
-2980.0
-2490.0
-100.0
880.0
630.0
880.0
340.0
340.0
-1460.0
-2780.0
-3120.0
-4930.0
-4930.0
-5470.0
-4880.0
-5370.0
-5370.0
-5620.0
-6350.0
-7710.0
-7760.0
-8010.0
-8250.0
-8890.0
-8350.0
-8690.0
-7570.0
-6979.0
-6250.0
-4930.0
-3370.0
-630.0
-2000.0
-630.0
880.0
-150.0
-3810.0
-6050.0
-6929.0
-5709.0
-3469.0
-440.0
1660.0
1760.0
-1510.0
-4980.0
-7320.0
-9330.0
-11910.0
-11430.0
-10790.0
-9670.0
-6540.0
-3960.0
-1510.0
-680.0
-50.0
-1270.0
-2930.0
-4880.0
-7420.0
-9470.0
-7570.0
-7420.0
-5910.0
-6010.0
-5080.0
-3710.0
-2390.0
1270.0
4250.0
6100.0
6740.0
7620.0
5470.0
5270.0
5080.0
4200.0
3170.0
2730.0
2930.0
3170.0
4390.0
3910.0
3860.0
2780.0
1270.0
1760.0
2000.0
1170.0
2200.0
2200.0
1900.0
2340.0
540.0
390.0
-1320.0
-590.0
-440.0
490.0
1320.0
1810.0
1860.0
2690.0
2290.0
2250.0
1610.0
1460.0
100.0
-1610.0
-4100.0
-5860.0
-7910.0
-9620.0
-10209.0
-9130.0
-1320.0
-1610.0
-1170.0
-1120.0
-1660.0
-2829.0
-1560.0
-3030.0
-3080.0
-3520.0
-5180.0
-4790.0
-5080.0
-6640.0
-6979.0
-7520.0
-7670.0
-7230.0
-5370.0
-3420.0
-2390.0
-630.0
1560.0
2290.0
2690.0
1760.0
1510.0
830.0
50.0
-1950.0
-1460.0
50.0
830.0
1710.0
3270.0
4050.0
5370.0
7370.0
8300.0
8110.0
9230.0
8590.0
8640.0
7370.0
6010.0
4300.0
3080.0
2000.0
0.0
-2540.0
-4000.0
-5320.0
-4590.0
-2250.0
-1030.0
-1560.0
-3030.0
-3760.0
-4490.0
-4930.0
-4390.0
-4390.0
-3660.0
-2930.0
-2590.0
-2440.0
-630.0
-630.0
-240.0
1610.0
440.0
440.0
-590.0
-1120.0
-2930.0
-5030.0
-6929.0
-8940.0
-8740.0
-8450.0
-7760.0
-7960.0
-8890.0
-10009.0
-10109.0
-10840.0
-11670.0
-10690.0
-8400.0
-8350.0
-7420.0
-8110.0
-9180.0
-12300.0
-13330.0
-14260.0
-14840.0
-13870.0
-11770.0
-9370.0
-6740.0
-7320.0
-7230.0
-6150.0
-4540.0
-1560.0
2440.0
8450.0
13770.0
18120.0
18950.0
17240.0
13570.0
10940.0
7320.0
4980.0
-780.0
-3960.0
-6879.0
-4640.0
-2290.0
880.0
4000.0
4980.0
6100.0
7230.0
5270.0
3860.0
4830.0
6740.0
6840.0
6400.0
7230.0
8350.0
9180.0
10640.0
10300.0
10690.0
8010.0
7080.0
3810.0
3320.0
5910.0
7320.0
9080.0
11330.0
13330.0
12990.0
11720.0
9080.0
8060.0
6450.0
5420.0
4200.0
3910.0
2340.0
1610.0
1760.0
1070.0
2829.0
1900.0
540.0
-1710.0
-4300.0
-6300.0
-8590.0
-8980.0
-10450.0
-11040.0
-11379.0
-11670.0
-12110.0
-16940.0
-19920.0
-22170.0
-22020.0
-19530.0
-20360.0
-17090.0
-14500.0
-12700.0
-9520.0
-5860.0
-3420.0
340.0
2250.0
1370.0
1460.0
-150.0
-1660.0
-2690.0
-590.0
1610.0
4390.0
7280.0
10009.0
11080.0
11130.0
9130.0
6640.0
6100.0
7230.0
6490.0
9280.0
10600.0
14500.0
13959.0
11670.0
8300.0
5659.0
3080.0
2829.0
3710.0
5180.0
6150.0
8060.0
9330.0
10890.0
10840.0
9330.0
7230.0
4540.0
4540.0
3860.0
3520.0
2590.0
2829.0
2000.0
1220.0
1370.0
1220.0
1560.0
2000.0
340.0
-1810.0
-4300.0
-8450.0
-12649.0
-14840.0
-17290.0
-16259.0
-15040.0
-14840.0
-14310.0
-14260.0
-16110.0
-17820.0
-16259.0
-14750.0
-10350.0
-4930.0
-1950.0
-3170.0
-2050.0
-3220.0
-1950.0
-3760.0
-3420.0
-3220.0
-1510.0
-1270.0
-290.0
0.0
-200.0
290.0
680.0
-680.0
-1419.0
-1560.0
-1760.0
-1510.0
-1950.0
-2880.0
-4300.0
-3030.0
-4200.0
-4790.0
-7760.0
-10250.0
-11080.0
-11130.0
-8010.0
-6979.0
-5659.0
-4980.0
-5620.0
-6879.0
-5960.0
-6690.0
-8540.0
-7370.0
-6490.0
-3120.0
390.0
4050.0
9910.0
12990.0
15480.0
17090.0
15580.0
11130.0
5810.0
730.0
-4100.0
-4540.0
240.0
3610.0
5270.0
4640.0
3910.0
2930.0
1710.0
3520.0
4880.0
6979.0
9470.0
12600.0
13430.0
14700.0
14550.0
14500.0
13130.0
10600.0
9860.0
8590.0
7810.0
8110.0
7620.0
6590.0
5860.0
5270.0
4300.0
4050.0
2150.0
730.0
-2100.0
-2640.0
-4150.0
-7030.0
-10300.0
-11770.0
-13770.0
-17530.0
-18650.0
-19970.0
-18070.0
-15870.0
-12840.0
-9860.0
-7280.0
-7130.0
-6540.0
-8010.0
-8590.0
-7810.0
-6050.0
-1560.0
-440.0
1510.0
3320.0
4930.0
6400.0
10060.0
15870.0
21140.0
24710.0
25780.0
24760.0
21970.0
16210.0
12500.0
9420.0
6300.0
4790.0
1220.0
-1810.0
-3710.0
-6490.0
-8640.0
-9520.0
-12740.0
-12990.0
-12600.0
-10550.0
-10009.0
-8200.0
-8590.0
-9720.0
-11080.0
-12600.0
-14700.0
-14650.0
-13280.0
-12210.0
-12210.0
-12160.0
-12840.0
-11570.0
-10350.0
-9670.0
-7760.0
-6250.0
-5080.0
-3660.0
-3370.0
-1810.0
-2200.0
-1270.0
-1320.0
-730.0
100.0
1710.0
2880.0
3370.0
1710.0
-100.0
-2980.0
-5659.0
-6840.0
-7420.0
-6929.0
-5659.0
-4440.0
-2540.0
-880.0
-730.0
150.0
630.0
880.0
1460.0
50.0
240.0
1170.0
830.0
1320.0
3270.0
2200.0
2250.0
630.0
200.0
200.0
-780.0
-1170.0
-2150.0
-2880.0
-3660.0
-4440.0
-5180.0
-5520.0
-5270.0
-5910.0
-5810.0
-5960.0
-5270.0
-5030.0
-3520.0
-1950.0
-1030.0
-290.0
-540.0
2100.0
2150.0
2100.0
1860.0
2440.0
3560.0
5220.0
5860.0
6200.0
6250.0
5130.0
4100.0
1950.0
780.0
540.0
440.0
1370.0
1370.0
100.0
-440.0
-2440.0
-3170.0
-3860.0
-3520.0
-1120.0
-50.0
1710.0
2640.0
3270.0
3910.0
4150.0
4050.0
5760.0
4350.0
3960.0
2980.0
3370.0
4300.0
5220.0
4350.0
3170.0
2340.0
1030.0
780.0
100.0
-980.0
-730.0
1660.0
3660.0
4740.0
3320.0
2640.0
2640.0
2050.0
2640.0
4200.0
5659.0
3170.0
1900.0
2780.0
1220.0
830.0
-200.0
-590.0
-1610.0
-2930.0
-2780.0
-3270.0
-2000.0
-1220.0
-1170.0
-730.0
-1320.0
-2100.0
-3469.0
-7570.0
-7570.0
-6150.0
-4000.0
1560.0
5030.0
7030.0
8300.0
8250.0
9620.0
8740.0
4690.0
-5080.0
-13380.0
-16990.0
-19090.0
-16310.0
-11379.0
-6879.0
-3610.0
3220.0
8250.0
11720.0
14600.0
17820.0
18410.0
16359.0
13770.0
9770.0
7420.0
4540.0
980.0
-440.0
-1170.0
-2050.0
-2690.0
-440.0
-830.0
-830.0
-930.0
-930.0
-2050.0
-2829.0
-3560.0
-4590.0
-6540.0
-8149.0
-8400.0
-8400.0
-7910.0
-8790.0
-9280.0
-9520.0
-9180.0
-9810.0
-9810.0
-7960.0
-7520.0
-5570.0
-3760.0
-3560.0
-3660.0
-4350.0
-4050.0
-2150.0
-1860.0
-200.0
1710.0
3520.0
3520.0
4200.0
4200.0
3710.0
3320.0
2780.0
1760.0
780.0
2390.0
2730.0
2440.0
4000.0
3860.0
3560.0
1810.0
3610.0
2930.0
3220.0
4880.0
5080.0
4590.0
6590.0
5760.0
6350.0
5180.0
2250.0
880.0
-1270.0
-1560.0
980.0
2150.0
5620.0
7570.0
8540.0
6740.0
4640.0
3030.0
340.0
-200.0
-2050.0
-5470.0
-8060.0
-9520.0
-9910.0
-10600.0
-11520.0
-13430.0
-14550.0
-13919.0
-11670.0
-8400.0
-5760.0
-2490.0
-1710.0
-980.0
-2000.0
-2000.0
-930.0
1460.0
3910.0
4880.0
5520.0
5709.0
5960.0
5620.0
4690.0
4000.0
2390.0
2490.0
1460.0
1120.0
730.0
-50.0
-1070.0
-540.0
-2390.0
-1760.0
-3120.0
-3810.0
-4690.0
-5270.0
-4830.0
-3120.0
-1510.0
630.0
1560.0
2640.0
2829.0
3370.0
3120.0
1510.0
2590.0
-730.0
-2540.0
-3710.0
-2690.0
-2829.0
-4640.0
-2390.0
-1120.0
-1170.0
-2590.0
-4740.0
-6690.0
-7370.0
-7320.0
-8590.0
-6640.0
-4250.0
-3080.0
-2540.0
-3370.0
-3080.0
-3469.0
-2640.0
-3030.0
-1030.0
490.0
2930.0
3420.0
4250.0
4540.0
4830.0
5910.0
3660.0
4250.0
6050.0
6350.0
7180.0
9470.0
8840.0
9520.0
9180.0
8980.0
8110.0
7280.0
5960.0
6640.0
7520.0
8640.0
8690.0
8640.0
9860.0
8790.0
7320.0
5180.0
3560.0
2880.0
1270.0
2150.0
1660.0
2390.0
2290.0
3120.0
4830.0
6150.0
5709.0
7180.0
8060.0
8450.0
8450.0
5659.0
240.0
-7670.0
-15820.0
-24370.0
-30219.0
-34230.0
-36570.0
-40039.0
-42630.0
-44290.0
-44189.0
-39890.0
-34810.0
-26660.0
-18120.0
-12400.0
-6879.0
-2880.0
-3080.0
-830.0
730.0
980.0
1560.0
1460.0
1070.0
540.0
-590.0
-1220.0
-2640.0
-2930.0
-1760.0
-2540.0
-1660.0
-1760.0
780.0
2590.0
1170.0
1270.0
100.0
590.0
630.0
1810.0
2290.0
3420.0
2780.0
2590.0
1710.0
100.0
-200.0
-150.0
780.0
1370.0
2340.0
5270.0
5910.0
5960.0
6100.0
7280.0
6450.0
6490.0
5320.0
5370.0
4000.0
1560.0
-980.0
-2490.0
-3120.0
-3320.0
-3080.0
-2980.0
-4100.0
-3810.0
-2880.0
-1950.0
630.0
3610.0
8010.0
11230.0
12450.0
13720.0
13570.0
11520.0
8060.0
5180.0
3760.0
2050.0
1760.0
1560.0
1070.0
-150.0
-1510.0
-5420.0
-9130.0
-13670.0
-16410.0
-18900.0
-18750.0
-16750.0
-13670.0
-9030.0
-2340.0
3810.0
5960.0
8200.0
9470.0
6590.0
7810.0
4250.0
2590.0
2250.0
1610.0
1419.0
680.0
-440.0
-2000.0
-3860.0
-4300.0
-4490.0
-5420.0
-6150.0
-3170.0
-1419.0
100.0
1900.0
3960.0
3320.0
50.0
-2640.0
-3170.0
-4980.0
-4790.0
-1810.0
490.0
2930.0
4930.0
5659.0
6150.0
6590.0
5030.0
3170.0
1419.0
1900.0
630.0
630.0
-780.0
-240.0
-630.0
930.0
2730.0
4390.0
6100.0
7470.0
9720.0
10940.0
10400.0
9130.0
6840.0
4880.0
1900.0
540.0
-1170.0
-1860.0
-4790.0
-6150.0
-6590.0
-8500.0
-7810.0
-5270.0
-3660.0
-1860.0
-1320.0
-1460.0
-930.0
-1170.0
-2590.0
-1810.0
-1710.0
-1030.0
200.0
2829.0
4540.0
6250.0
6350.0
6050.0
5320.0
4100.0
5030.0
4980.0
6050.0
5760.0
5180.0
4740.0
3080.0
1760.0
3610.0
3520.0
4590.0
3960.0
5080.0
5520.0
5320.0
5709.0
6450.0
7130.0
6050.0
5470.0
5570.0
4930.0
3860.0
2540.0
2490.0
-540.0
-3030.0
-4540.0
-5270.0
-5520.0
-4540.0
-4390.0
-3080.0
-1270.0
880.0
2200.0
4250.0
5760.0
8110.0
9620.0
9330.0
8250.0
7320.0
5130.0
1760.0
-2490.0
-6300.0
-9280.0
-13819.0
-18020.0
-21580.0
-25099.0
-27730.0
-28760.0
-29490.0
-30910.0
-31690.0
-28080.0
-23240.0
-16850.0
-11040.0
-4590.0
1950.0
4490.0
9570.0
12400.0
9470.0
6250.0
1220.0
-4740.0
-6150.0
-4590.0
-4250.0
-1370.0
1860.0
340.0
1710.0
0.0
-1660.0
-4100.0
-4740.0
-4640.0
-4590.0
-4980.0
-3270.0
-2000.0
50.0
2000.0
4980.0
4930.0
4980.0
4200.0
2150.0
1610.0
880.0
440.0
1660.0
3610.0
5130.0
4490.0
4490.0
3370.0
3910.0
3520.0
4100.0
4740.0
5620.0
7130.0
8300.0
10350.0
10690.0
11230.0
11279.0
9620.0
7910.0
6690.0
1900.0
-4540.0
-10500.0
-15089.0
-20310.0
-24370.0
-25339.0
-26810.0
-27879.0
-25730.0
-21870.0
-16650.0
-12060.0
-10400.0
-12450.0
-13040.0
-14210.0
-13819.0
-11430.0
-8450.0
-6050.0
-3560.0
-4200.0
-4880.0
-5180.0
-5130.0
-4830.0
-3030.0
-1370.0
-200.0
1610.0
1760.0
1170.0
2250.0
780.0
-1320.0
-1860.0
-2829.0
-2540.0
-2200.0
-780.0
-1810.0
-1320.0
1760.0
2730.0
5470.0
5659.0
4390.0
3960.0
3120.0
4590.0
4250.0
7030.0
8500.0
7620.0
6790.0
6400.0
3760.0
2780.0
1220.0
930.0
630.0
830.0
2150.0
3030.0
4150.0
4590.0
5180.0
4390.0
4300.0
5620.0
5420.0
7080.0
7670.0
5570.0
5760.0
4540.0
3660.0
3520.0
3520.0
3320.0
2980.0
3030.0
3420.0
2880.0
1270.0
-490.0
-730.0
-390.0
-540.0
-630.0
290.0
-1320.0
-1810.0
-2000.0
-2490.0
-2980.0
-3120.0
-3810.0
-3710.0
-2980.0
-4300.0
-3860.0
-3960.0
-4250.0
-5080.0
-4000.0
-4000.0
-5370.0
-4350.0
-4790.0
-5370.0
-4440.0
-3220.0
-4830.0
-4250.0
-3710.0
-3520.0
-3420.0
-3080.0
-2640.0
-2640.0
-1510.0
-1030.0
-1220.0
-1560.0
-2540.0
-590.0
1860.0
6050.0
8500.0
10209.0
10450.0
7810.0
6450.0
3120.0
1950.0
100.0
-2880.0
-4440.0
-4300.0
-4200.0
-2780.0
-2290.0
-1320.0
-3080.0
-4590.0
-5080.0
-5810.0
-5860.0
-5270.0
-2100.0
730.0
2829.0
4050.0
1370.0
0.0
-1510.0
-2540.0
-2690.0
-680.0
-440.0
-1660.0
-1460.0
-3420.0
-4200.0
-4830.0
-4880.0
-5520.0
-5620.0
-6100.0
-7860.0
-7470.0
-4200.0
-980.0
2250.0
5709.0
7620.0
6300.0
2290.0
-440.0
-980.0
-1560.0
-1560.0
-1460.0
-2690.0
-3080.0
-3170.0
-2290.0
-2390.0
-2490.0
-3030.0
-2000.0
390.0
930.0
1120.0
980.0
-440.0
-1120.0
-2100.0
-2050.0
-2150.0
-2200.0
-4100.0
-5470.0
-5910.0
-5520.0
-3760.0
-2340.0
-1460.0
1170.0
1610.0
