3524.4	0.0	27.0	28.0	230656.0
4318.0	874.4	23.0	28.0	265008.0
4333.6	-1145.2	25.0	28.0	267744.0
4412.8	-1151.2	29.0	30.0	302384.0
1820.8	0.0	25.0	28.0	120288.0
5998.8	5049.2	27.0	32.0	374752.0
5478.8	1255.2	24.0	29.0	349552.0
2374.4	-1383.2	26.0	30.0	156672.0
1898.8	-1190.4	20.0	23.0	112880.0
532.8	24.8	23.0	27.0	33216.0
5128.0	1071.2	20.0	33.0	318160.0
3912.4	3056.8	27.0	26.0	246896.0
1692.8	-1678.8	18.0	29.0	118032.0
6913.6	914.8	21.0	26.0	407984.0
4319.6	-699.2	17.0	22.0	230896.0
5564.0	0.0	28.0	29.0	351776.0
3089.2	873.6	23.0	29.0	196640.0
6838.0	5563.2	19.0	22.0	369504.0
4927.2	-200.8	22.0	27.0	278160.0
2407.6	-1566.4	17.0	26.0	143056.0
1691.6	-1740.4	22.0	24.0	100688.0
1558.0	0.0	20.0	26.0	100448.0
6366.0	1090.8	17.0	22.0	345008.0
2656.8	-1756.0	24.0	29.0	166416.0
3367.6	0.0	19.0	24.0	182624.0
1274.8	588.8	20.0	25.0	82176.0
807.2	0.0	18.0	27.0	47200.0
2246.8	-1747.2	27.0	31.0	149232.0
881.565233513	-1182.26641806	26.7780003163	32.6516363359	60946.4743555
686.0	0.0	15.0	21.0	40816.0
5018.8	243.2	22.0	26.0	287472.0
3757.6	0.0	19.0	26.0	239888.0
768.0	-924.8	19.0	23.0	48960.0
949.6	-608.4	22.0	30.0	59984.0
4775.6	3813.2	25.0	27.0	312336.0
4834.8	0.0	21.0	30.0	296960.0
3371.6	4.0	25.0	30.0	206464.0
655.2	-3662.8	24.0	33.0	45200.0
5275.2	4184.8	26.0	29.0	312784.0
3974.0	0.0	22.0	27.0	252816.0
2215.6	394.8	20.0	26.0	133920.0
508.0	33.6	21.0	26.0	31824.0
5050.4	4243.2	29.0	32.0	333632.0
2111.6	-2723.2	19.0	24.0	133648.0
4553.6	0.0	20.0	29.0	285232.0
602.0	0.0	20.0	22.0	35504.0
1090.4	117.2	25.0	29.0	74416.0
1300.0	-1107.6	17.0	24.0	73088.0
5363.6	810.0	20.0	26.0	338144.0
474.4	-127.6	26.0	30.0	32480.0
4056.8	0.0	13.0	24.0	201712.0
803.6	-1570.8	17.0	25.0	44016.0
1420.0	-2843.2	22.0	25.0	87456.0
1563.6	946.8	24.0	28.0	112144.0
621.2	0.0	22.0	28.0	36384.0
3994.0	81.6	24.0	27.0	258160.0
4263.2	-1100.4	28.0	27.0	300496.0
3443.6	2821.2	16.0	26.0	186816.0
973.2	0.0	21.0	28.0	58944.0
855.6	0.0	20.0	23.0	57136.0
3876.4	0.0	20.0	25.0	216816.0
697.6	0.0	19.0	23.0	44880.0
3896.0	-1154.4	22.0	30.0	257856.0
597.6	-1514.0	22.0	25.0	35136.0
3432.0	-444.4	23.0	26.0	215056.0
616.8	-80.8	18.0	26.0	36656.0
4223.6	3602.4	24.0	28.0	263504.0
491.6	-312.0	23.0	27.0	31760.0
1995.6	-1528.8	25.0	29.0	136416.0
622.4	0.0	22.0	26.0	34624.0
