0
99072
103680
54784
22528
-39424
80128
-12800
-19456
39424
94976
88832
284928
-73984
417792
661504
34304
-55040
142080
278784
181248
-27392
-768
92416
77824
65536
20480
-20224
25088
-37376
80128
468736
451840
183296
3145984
795136
74752
-39936
3072
69376
82944
28416
35584
48384
267264
188928
1237248
-237312
458496
192768
75520
-37120
64256
127744
179456
205312
-30720
23040
9984
365056
6073344
792576
-206336
74496
336896
1017856
-45056
-48896
107264
156928
79360
52224
294912
7541760
2844928
-340480
42496
100096
235264
192256
38400
-9728
-256
37888
98816
-5888
103424
65536
26624
-269312
2037760
2332672
740608
285440
134144
109568
46080
-49152
48128
86528
124160
961280
6692096
2688256
1132288
407296
78592
-45056
29184
36096
1024
199424
3148288
833536
228352
88064
71680
-71680
102656
120832
130048
116992
421632
2206464
-211200
44800
28672
-22016
77056
58880
63232
232960
23040
16128
242176
2812672
450304
-104704
27904
71680
156672
346368
723712
-161792
110080
5158144
855552
41216
6656
33792
58880
108800
62208
65792
104960
6427648
2410752
-208128
61696
93184
152576
173056
194560
144384
85248
20736
207360
2073600
-294656
-260864
1321216
292096
18944
18432
63232
173824
-654080
4160256
846848
145664
9216
47104
120064
28672
16640
54784
396288
3535616
225792
68096
222720
27392
14336
-3584
26880
318720
-517376
1437440
1406720
245504
5632
19712
399616
278784
-107008
144896
368384
-116736
53504
62976
123904
364032
48384
36864
28416
461824
-708608
1503232
1467392
1461760
1394944
136960
-78080
25856
43520
64512
28672
-83968
150016
64256
115456
222720
215040
-214016
226304
776192
92416
442624
2119936
826112
-272128
95744
33536
-85504
180736
104192
-344576
2104832
714496
259840
106240
-65024
386560
-73728
345600
5190912
1073152
-35840
110848
234496
572928
125184
20224
143104
692736
227328
-190976
999168
362496
48640
211200
211200
-101120
-95744
3355648
658432
113664
152832
166656
-186624
224256
42240
-31744
99328
698624
4680448
3901696
1694464
530176
156416
262656
431616
-77568
18944
54272
185856
-412416
1522176
927232
596224
388096
169984
59648
1024
34816
386304
129792
-461312
1956864
3958272
-126720
6144
27648
55552
50944
58624
61184
86528
-1024
66560
-501760
2818304
857856
186624
100608
99328
122880
119040
87040
80384
321792
-361472
2225664
4260096
262144
-18432
4096
-12288
36864
371712
227584
109056
16384
3840
-23808
284416
57600
-7680
1024
55552
6624512
1868032
31488
48384
38656
107264
86784
28928
54016
112128
34560
22272
77056
40192
22272
50688
108288
89856
94464
124416
33792
24064
50432
322048
2305536
1022976
-20736
28416
-10496
43776
-67328
332544
-47616
-25856
123904
129536
135424
97536
48384
24576
94720
879872
182016
42496
-159744
1141248
293632
-17664
-3072
58368
29696
4352
65536
57344
50176
2816
-4864
2048
45056
497664
5074176
65024
41984
36864
38400
245504
1217792
5487872
-2518528
1540096
120320
1181440
5626624
28068352
1304576
10612224
6359808
16033536
29865728
1901312
-303872
-638720
12242176
2831360
-829952
2060800
-1448960
2061056
31020032
157159936
4845824
-11732480
39362560
-8244736
-7445504
33038848
7258112
-25392896
46424832
-9287424
12188160
2880000
67763968
21388288
-13955840
9937664
-43908864
200841472
79638784
33534976
2201600
11395328
13769728
17455104
-64260096
246949120
96666880
68263936
191346688
140071936
13850368
10988544
8429568
-37205504
532865536
122444032
21825024
-10198016
84609536
-26087168
9192704
-10135296
10006784
47568896
187899392
-39570176
6972160
-89600
-2671616
4498432
-8285184
10284544
78613760
3540736
-12843008
17268224
-1305344
316160
-181760
198144
-214272
4548096
9948160
2244864
642048
612352
1048832
-1013248
812032
843776
274432
94464
-80640
136960
186624
1492992
11943936
2764800
799744
-92928
413952
-272384
622592
927744
228608
-764672
4385280
-291840
123904
-180224
262144
-155648
301312
276736
-69376
-59648
367872
-2057472
10818816
762880
1014784
-244736
1129984
387840
78080
75264
551936
-5376
256
22528
1982464
1349888
445696
215296
1310208
-167424
-44288
900864
2253312
1094656
476160
230400
158720
205824
-58368
410624
1012224
993024
303360
-94976
131328
404736
267520
-82688
-125440
1524736
1060864
3485696
6727936
-881152
22528
53504
-240896
678144
1898752
839424
1163520
31646976
29251840
9651200
-474624
2305280
-3575040
7772416
2289920
-1030400
595200
1969920
2181376
-4748288
10690560
14745600
19906560
25790464
31165440
-7557120
116224
15862016
31992064
9970944
-4082176
4913664
46155008
50629632
14151680
-6122496
65739008
17552896
-8468992
-9637376
18278912
1107712
-15519232
28831744
4265472
269056
7312384
-4984064
55086336
-27997440
11660800
30543360
2964736
57819648
33398784
3654400
29032960
66855424
41359360
1377024
-11982080
20445440
15671296
12316672
3213568
48176384
26531584
84224
-4359936
7973120
-6074880
5380096
-9164544
15229440
-14760960
21154816
25655296
40410112
61288704
35176960
18990080
-6926336
3129344
3956736
-2792448
99556864
-11425536
4167936
5241600
2115840
3330304
6903040
8488960
7854592
67020032
447785728
-9353216
-672256
433408
-2498816
18505216
9849856
-1452544
891136
-776960
2988800
-2069504
7711232
-80384
-7680
-73728
195072
3472384
-282880
1092352
1065728
-347136
349696
1004544
230400
168192
141312
-186368
211200
633600
-1567488
14311168
2479104
209408
-191744
201216
9216
12288
16384
320512
3882496
528640
605440
1487104
2475008
591360
583936
186624
274176
313344
1350144
5927424
-1336064
336128
313600
292096
553728
885504
-372992
734976
5783296
1785856
200704
243712
295936
-17408
1024
1727488
876544
544768
-1009664
3977472
5138688
118528
-80128
550912
154624
117760
92160
462336
-22784
546560
231424
5120
61440
-102656
557824
1644544
4719616
338944
-73216
-91904
1325312
1580288
404736
92416
896256
2219520
-1051904
922112
600064
-335360
547072
373760
-540672
9605376
6332672
744704
50176
-376320
2822400
6639616
-12865536
20697856
9998080
313600
557824
261376
-675072
2529280
620544
184320
873472
17903872
-3786496
2076928
132096
78336
-4569344
23021568
-4838400
1308672
62208
636672
3483904
2278656
-1529856
1092096
2209024
-3156992
136730368
16733440
1672960
-1877504
3661312
-6352128
6570496
44468736
75647232
11874048
-4017920
-3595008
106096896
91349760
6467584
6161408
8385536
-23645696
152703232
7397632
2944256
1642752
96400384
-20617216
-8896256
98627584
23660032
-44019456
123887872
109691136
27548928
-5748480
16030464
-11398400
9740800
-29065472
64377088
-31624448
-23739648
119928064
-44035840
2694400
40874240
53722624
38999808
-7730944
65432320
161047296
293209344
42962176
-31730688
34497024
185757952
198180096
147691776
150340864
186083584
195714304
82642432
104699904
24484608
-26684160
50993920
85190912
-27086336
-1080320
395549440
218209024
70820608
24507136
-503552
127074304
-63475712
34604032
-21478400
-14188544
210403328
-20873216
10103040
48214016
233823744
-226235136
240389632
28561664
24469504
25001984
103677952
107126784
108555264
10902784
-11560448
-4855296
-39956736
459268864
223339776
75558144
23348224
-28218880
34105600
21103616
-13016576
9971968
2311936
-1010944
8107264
14559744
16172544
42050816
112638208
42035968
28663552
36096000
-48927744
65022976
-20840448
9903104
-3214336
-4696064
48391424
-1023488
14151680
32304128
44355584
15225856
30253312
-2353664
2962432
1905664
527360
-1569792
15900672
7150592
112896
-108544
264960
44108800
6910464
-3094272
1468416
6694912
5615872
-2318336
2291200
3059200
1734400
865280
-587264
-599808
26114304
1792
5241088
5431552
1490176
513792
-389376
1516032
-449024
154368
58624
123648
10437120
2025472
-446720
4408576
43886848
11935744
3171328
-4802304
7667712
6694912
1252864
10026496
50233344
-4309248
392192
1671168
419840
-421632
477184
2291200
2344960
22868736
36124416
6233856
480256
1570304
923392
1535488
850432
-1707264
3386368
-939776
209920
1544192
930816
103680
-966400
5845504
-3417088
1755904
616960
1606400
616960
-37376
13056
71424
225024
888064
4885504
651264
202752
174336
295936
3936256
-1555456
614656
7089408
1464576
-450560
5632
3240448
4602112
5504256
5206272
193024
-995840
7981312
-469760
2749696
5023488
3048192
-3675392
-166656
-608000
97532160
-37043712
13372416
-34506240
62060800
174811904
350280960
57963264
-46514688
57847296
40559360
-16692992
13836288
-7004160
7176448
31018752
175350016
-265659392
399677440
-2549504
14794240
116197376
309642752
-22802688
-2889984
8157696
171585536
3051008
-90112256
312462592
-91063808
15944704
32715776
28178944
7504128
3771136
-11414272
211934464
169154560
-3364352
297471232
138572800
117767424
309532416
127623424
57366016
-74746880
151503360
199342336
176286208
3288064
-21904128
31236864
117555968
98652160
93566208
-4849920
88823040
1672960
21609216
6779136
5113600
14775552
3847680
-5865984
20545536
222178816
127348736
60467200
-29223680
18671104
174868480
218036480
-16449536
118046720
208775424
99279616
28315904
13550848
66363648
67844352
50098432
49099264
27571200
-1497600
-8275200
1651456
145024000
-44052992
7606528
78993664
141169920
-8059392
-23565824
71792896
138767104
101179648
73883136
-13390080
27433984
22914560
-29116160
42459904
-15039488
29582848
73488640
33613056
17581824
86523904
42978304
23130880
26284544
49162752
65881856
34529280
14274048
-11068416
10599168
-14277120
35675648
-2612480
4819712
34468096
-11785984
5660672
-3751936
3810304
10456832
2496256
861184
6518272
49336576
-6137856
794368
-89344
54016
-209408
11452672
9761792
2584576
-3045376
9054208
1214720
-2092544
3816448
61292544
9146880
2638080
778752
2581504
-445184
114944
-19712
504576
-1484544
6844672
6418944
2678784
1155328
1509632
3188992
392448
-44800
-23040
62464
1041408
6084096
3348736
-3258880
4536320
397056
304640
214016
-97536
83456
133632
-2039040
24791552
7912960
2703360
2055168
-675072
805632
233728
219648
1754112
846336
917248
1700864
16384
256512
166656
50176
-21504
9216
705280
-576256
564736
804864
304896
604672
279040
177664
1469184
3564544
755200
160000
12073216
-2989568
574464
536320
93440
219136
787456
2294016
6210816
7833856
9956096
3564800
-302080
105216
103168
128768
428800
81664
-74496
244224
507904
1098752
498688
1901568
13186560
-6002432
2557440
1105920
264448
125440
46080
467712
2823424
14999040
15621120
1806336
-700928
486144
369664
368384
392704
2322944
-168704
35328
11264
94720
7959808
211456
133120
17920
178944
4897536
-6991616
10030080
-10988544
18871552
-10948096
13575936
5315584
4142080
1260544
6633216
-10419456
16476672
18625536
8800768
4643072
-6998528
102328064
376008448
64112896
1148860672
24911104
-80028416
85539840
-43402240
22417664
17270016
10890496
4470016
2420992
22979584
71474176
122723584
175505920
84455680
-6080256
111890688
101128192
43528192
167195648
390132736
210827776
159369472
212360704
-93829632
39045376
88071424
174016768
-25712384
88301824
30154240
118208000
283864320
-116936704
159806464
40424448
-5601792
-6739712
54310400
161274880
266568704
-188693504
134226944
20893184
-7495424
3674624
-14196992
191095040
-173355776
128731648
168441856
49485824
18108416
-10556416
70267904
144564224
-142902016
313028352
81832192
13321728
21095424
41127424
189677824
84964096
42745088
22334464
10695424
2907136
-9747456
77251584
991744
52916480
161381120
15547648
21528320
62306560
15918592
4506624
32684544
171589888
262653952
206619136
282605824
638172160
-75264000
-32891904
210649344
22552576
21837824
22354176
166950144
-75727360
44237824
-6514176
-2670336
3822336
27704064
117288448
17064448
3032576
855040
-606464
633344
-174080
4360704
46317312
267334400
78587392
1932288
2472960
566272
-282624
4872192
-5148416
49450240
-4887296
193024
1941504
73728
711680
1245696
3805440
7580160
7504896
1434624
80896
393472
952576
-1040128
4692224
-9152256
17037824
2180608
-902912
3100672
352256
115712
-400896
10775296
2836224
691200
1423872
399616
129024
-768
75520
273664
432640
259840
40704
25856
361984
-175616
123136
335872
845824
345088
544256
141568
1121536
4203776
-392960
1094656
696832
-177920
82432
89344
109312
179456
255232
-1543424
9613568
1667584
943616
160512
80640
-7168
305152
-36864
8448
13312
46080
399616
-325888
634624
98816
121856
426496
-260096
156160
-102400
17664
817664
1323008
-896768
589824
0
0
278784
384256
-251648
157952
249088
-1234688
7969280
1761280
510464
-388352
273664
34816
-214016
475392
884736
1170688
-510464
214016
-141824
-214784
2341120
324864
169216
253184
-84224
125184
248832
-258048
274432
258048
254208
40960
81920
37888
256
21760
47872
122880
112640
-17408
-178432
11018752
2876416
1221120
518400
-667136
840960
593408
280576
117504
-9984
-165632
1728768
401408
802816
598272
685056
263680
-119040
293376
8997888
-372736
-677888
672768
324864
96256
138240
466944
4299520
2393600
-201984
537600
7168
136192
170752
765440
242944
-60416
13312
251136
-187904
113152
520192
-82688
-23040
144384
-183296
840704
-402432
498688
462336
135936
674560
-101120
-9984
-2304
169216
367872
145152
428288
794880
409856
-1464064
6073600
1122560
150784
-32512
157952
-234240
890368
83456
-45824
294656
-521984
931584
-178944
500224
294400
175360
36096
-2816
11776
70144
109824
405504
333824
230400
65280
561664
496640
262144
181248
-263424
2990848
3035904
239616
-52736
25856
-21248
-1792
126208
253696
527104
1263616
970752
3090432
74752
72960
-36864
103936
-9984
-4096
111616
21504
285696
1090560
2851840
1664000
565760
-333568
529664
1061120
313600
349440
389376
347136
-167936
408576
986368
1788416
180736
45056
23552
459008
-49664
19456
-7424
220416
6190848
113920
56832
39936
116480
50688
360448
693760
387328
-534016
629760
236800
113664
156672
-134144
122368
182528
249856
24576
280832
1266944
1617920
73728
-40960
59648
110336
-20480
97792
120064
157696
135424
-47104
16384
458752
612352
487168
-70400
324096
1130496
-601856
293376
589824
381696
40192
1024
32768
90112
186368
845824
3365632
1402624
-143616
52992
50176
47360
55552
-5888
-15872
127488
-787200
5067008
1518848
273152
59136
-10496
16896
62976
370432
359424
-748032
1599232
757504
359680
-274944
279552
-29696
263168
23808
47616
71168
455424
-113408
76288
-186368
2757888
1078016
280320
-110080
21504
223744
466176
105984
33792
-3584
-202496
3400192
2814976
208384
-222464
211712
-506624
1228544
2503936
1881856
92416
105216
1651968
1184256
569600
438784
-39936
-82176
-988928
16235264
102226176
-85723392
71421184
39842560
-4221440
2584064
14746368
27488000
58985216
60957440
51178752
3906816
-37632
523008
822272
-17251840
346179840
18233344
1232896
7143424
47472640
68569344
-4520448
3234816
1520640
15096832
39864320
81408512
27215104
-20032000
5286400
38615296
39612160
30448896
7822080
-1167360
-444416
-795648
39022848
-27254784
68402176
-22488064
8594944
-27576064
72922624
28140544
-1873408
3219712
-27433472
129723136
12205568
-3539456
21650688
54372096
134648064
19535616
9752832
5181696
5714176
6722816
12629248
12703488
3094272
-5990912
35607808
29702400
-166656
9573376
25905664
26918912
27632896
32135168
22276096
30424064
-12088064
11303168
2540800
281856
-133376
174080
1116160
54016
-58880
163328
-14080
-814848
9267456
14474752
4244224
1947136
877056
1443072
1675264
-592896
316416
-221696
960768
834816
612096
-625152
710144
-373504
178944
375040
516864
294144
-102656
874240
787712
643840
763136
1189120
1300480
-26624
25600
7680
2304
47616
373504
594176
572160
-288512
149760
334080
725760
564736
1075712
4144384
-64000
1024
-6656
43264
36352
-136192
1398016
854528
88064
-94720
59136
128256
139520
-29440
38144
174080
455680
-71424
-103680
511488
2732544
241408
7936
2560
64000
108800
94720
139264
183040
157696
129024
112128
69376
-99072
138496
15104
-25856
72192
578304
4383744
228864
-409344
638208
345344
137216
-90624
215296
141056
92416
30720
-92672
161024
97792
1536
16128
25344
63744
272896
-7168
2816
14848
314624
293632
52480
19200
6144
7168
4096
-256
18688
83456
17408
-94720
303360
248320
138240
72192
118528
151552
162048
112896
241920
218880
-97536
-75776
6040576
993024
378624
276736
79104
30976
26112
36864
68352
54016
54016
61440
46080
17664
-21248
442624
5784832
0
