1984.8	0	23	29	107824.0	0	0
3407.6	1422.8	20	25	196720.0	0	0
2679.6	-728.0	20	23	138848.0	0	0
3202.0	522.4	23	26	187088.0	0	0
2303.2	0	23	27	141808.0	0	1
2739.6	436.4	20	28	167200.0	0	1
1918.4	-821.2	19	24	114416.0	0	1
2224.0	0	22	27	146000.0	0	2
2773.2	549.2	19	24	154720.0	0	2
2724.8	-48.4	24	26	173760.0	0	2
1274.4	-1450.4	27	28	89744.0	0	2
2357.2	0	25	26	154032.0	0	3
2476.8	119.6	22	26	144384.0	0	3
2585.6	108.8	21	24	140416.0	0	3
4488.4	0	27	26	299648.0	0	4
2576.4	-1912.0	23	28	161344.0	0	4
2100.8	-475.6	15	27	116736.0	0	4
2779.2	678.4	23	29	161904.0	0	4
1532.4	0	20	25	83776.0	1	5
5443.2	3910.8	22	27	335168.0	1	5
3501.6	-1941.6	21	22	175040.0	1	5
2745.6	-756.0	22	28	168384.0	1	5
1551.6	0	21	24	99088.0	1	6
1257.2	-294.4	17	22	76256.0	1	6
5175.2	3918.0	20	28	282400.0	1	6
1433.6	0	21	21	77104.0	1	7
1541.2	107.6	21	26	86288.0	1	7
1656.8	115.6	20	29	95808.0	1	7
2014.0	357.2	18	26	98608.0	1	7
1831.6	0	23	26	104160.0	1	8
1663.2	-168.4	18	21	86240.0	1	8
1078.4	-584.8	22	26	66208.0	1	8
4682.0	0	24	27	291584.0	1	9
1845.6	-2836.4	23	27	115136.0	1	9
1723.6	-122.0	22	24	87184.0	1	9
1496.8	-226.8	19	21	75328.0	1	9
1784.4	0	26	28	117808.0	2	10
4309.6	2525.2	23	26	265840.0	2	10
4410.4	100.8	14	23	230496.0	2	10
3936.4	-474.0	20	22	204032.0	2	10
5912.0	0	17	25	320352.0	2	11
4814.0	-1098.0	20	26	252176.0	2	11
4126.0	-688.0	21	28	220432.0	2	11
1634.8	0	19	28	83728.0	2	12
5245.2	3610.4	21	24	276416.0	2	12
4547.2	-698.0	22	23	271760.0	2	12
2771.2	-1776.0	19	21	168688.0	2	12
1706.4	0	18	28	96800.0	2	13
6209.6	4503.2	20	21	326304.0	2	13
4035.6	-2174.0	20	26	259488.0	2	13
1438.4	0	24	27	95104.0	2	14
1313.6	-124.8	24	28	87664.0	2	14
4664.8	3351.2	20	25	282992.0	2	14
3774.8	-890.0	17	25	208176.0	2	14
1674.0	0	27	28	93072.0	3	15
10824.4	9150.4	19	24	624256.0	3	15
5137.6	-5686.8	21	28	303968.0	3	15
2029.6	-3108.0	18	28	115520.0	3	15
5044.0	0	27	30	345264.0	3	16
4010.4	-1033.6	23	26	247200.0	3	16
1989.2	-2021.2	28	28	138832.0	3	16
4729.2	0	22	29	293264.0	3	17
2341.6	-2387.6	18	21	121936.0	3	17
1467.6	-874.0	26	30	95216.0	3	17
1756.0	288.4	25	28	114272.0	3	17
5336.0	0	22	23	302944.0	3	18
2814.8	-2521.2	22	24	158336.0	3	18
1581.2	-1233.6	19	24	79696.0	3	18
9944.8	0	20	27	613584.0	3	19
4397.2	-5547.6	19	23	263664.0	3	19
4775.6	378.4	17	22	250576.0	3	19
2559.6	-2216.0	23	27	158016.0	3	19
