0.0902713930602	0.0	0.75	0.727272727273	0.081937427989	0
0.136071100215	0.0680014156429	0.678571428571	0.757575757576	0.112536559426	0
0.0805666223993	-0.0824106375449	0.892857142857	0.818181818182	0.0888504830276	0
0.101508495931	0.0	0.678571428571	0.818181818182	0.0833776477887	0
0.135390063677	0.0503058799737	0.678571428571	0.757575757576	0.131480989099	0
0.105764974291	-0.0439860458062	0.857142857143	0.787878787879	0.10473721528	0
0.130520652433	0.0	0.607142857143	0.848484848485	0.122042010104	0
0.109680934382	-0.0309419080843	0.75	0.666666666667	0.110298679429	0
0.101814962373	-0.0116790535416	0.678571428571	0.848484848485	0.0959186386599	0
0.149487520005	0.0	0.714285714286	0.666666666667	0.147788708677	0
0.133993938775	-0.0230041963699	0.857142857143	0.818181818182	0.140897810866	0
0.104164538427	-0.0442893978462	0.75	0.757575757576	0.105490561021	0
0.190383764089	0.0	0.857142857143	0.848484848485	0.194606930781	0
0.3109953349	0.179078820972	0.821428571429	0.787878787879	0.336058672339	0
0.218476521265	-0.137367915466	0.642857142857	0.757575757576	0.206948506603	0
0.217352810978	-0.00166843622023	0.821428571429	0.727272727273	0.206749091554	0
0.150475022985	0.0	0.678571428571	0.787878787879	0.11776566516	1
0.655736030238	0.750189595025	0.607142857143	0.69696969697	0.648542054418	1
0.550413729697	-0.156377976642	0.5	0.757575757576	0.469267925197	1
0.272959444274	0.0	0.714285714286	0.818181818182	0.280599131437	1
0.804508461879	0.789220890844	0.642857142857	0.787878787879	0.698861118497	1
0.548711138353	-0.379796754133	0.607142857143	0.727272727273	0.497451918816	1
0.192052303606	-0.529551544567	0.642857142857	0.69696969697	0.178432154569	1
0.287295263391	0.141412609333	0.607142857143	0.727272727273	0.325777718692	1
0.206081656281	-0.120582435917	0.785714285714	0.787878787879	0.209496587787	1
0.411993053427	0.305728297689	0.892857142857	0.848484848485	0.404568820349	1
0.771648448939	0.534000707821	0.75	0.787878787879	0.737791367544	1
0.70177410018	-0.103746397695	0.678571428571	0.787878787879	0.608703359036	1
0.400892157864	-0.446736437636	0.75	0.727272727273	0.39344589205	1
0.215922634249	-0.274634713585	0.607142857143	0.666666666667	0.208610298679	1
0.126230122246	-0.133171545579	0.821428571429	0.848484848485	0.12217495347	1
0.117070180815	0.0	0.642857142857	0.727272727273	0.123393600993	1
0.32648891613	0.310935841044	0.821428571429	0.787878787879	0.332845874324	1
1.0	1.0	0.928571428571	0.818181818182	1.0	1
0.673783498485	-0.484352090601	0.642857142857	0.727272727273	0.678830984667	1
0.334831613716	-0.50326103443	0.75	0.787878787879	0.314654790393	1
0.0982735723772	0.0	0.75	0.666666666667	0.0919968093592	1
0.0763441958661	-0.0325597856312	0.785714285714	0.757575757576	0.0702827262253	1
0.272652977832	0.0	1.0	0.878787878788	0.299942391208	1
0.937004120271	0.986399716871	0.607142857143	0.666666666667	0.790459097758	1
0.560016344877	-0.559735072552	0.642857142857	0.636363636364	0.473344855092	1
0.358770048013	0.0	0.857142857143	0.878787878788	0.357750598245	2
0.227942929138	-0.194246422974	0.678571428571	0.757575757576	0.233891695471	2
0.211189430313	-0.0248748672835	0.642857142857	0.757575757576	0.211069750953	2
0.241291245275	0.0446938672329	0.607142857143	0.818181818182	0.234933085172	2
0.32485442844	0.0	0.821428571429	0.848484848485	0.389922892848	2
0.336466101406	0.0172405076091	0.928571428571	0.818181818182	0.372795355845	2
0.260905097558	-0.112189696142	0.821428571429	0.969696969697	0.272046441549	2
0.28457111724	0.0351382779716	0.785714285714	0.818181818182	0.288464947266	2
0.149930193755	-0.199908994388	1.0	0.818181818182	0.169945936364	2
0.100486941124	-0.0734111936903	0.714285714286	0.727272727273	0.0975804307365	2
0.393332652297	0.0	0.785714285714	0.818181818182	0.359190818045	2
0.288827595601	-0.155164568482	0.75	0.727272727273	0.272090756005	2
0.224844212892	-0.0949997472066	0.964285714286	1.0	0.250886289108	2
0.279054721286	0.0804894079579	0.785714285714	0.878787878788	0.291788531419	2
0.124118908979	-0.230041963699	0.642857142857	0.666666666667	0.108171585571	2
0.0922463990193	-0.0473229182466	0.821428571429	0.787878787879	0.0974253301427	2
0.345217420915	0.0	0.821428571429	0.848484848485	0.392825489675	2
0.348282085334	0.00455028060064	0.857142857143	0.939393939394	0.387906585128	2
0.289372424831	-0.0874665048789	0.607142857143	0.727272727273	0.257799344146	2
0.386317975959	0.143940543	0.785714285714	0.757575757576	0.374590091288	2
0.20969114993	-0.262247838617	0.857142857143	0.818181818182	0.217827705398	2
0.159430653455	-0.0746246018504	0.892857142857	0.757575757576	0.17852078348	2
0.398440426329	0.0	0.785714285714	0.848484848485	0.402995657183	2
0.20172302244	-0.292077455888	0.678571428571	1.0	0.209651688381	2
0.1751966493	-0.0393852065322	0.678571428571	0.666666666667	0.156784543118	2
0.502843327545	0.486475554881	0.607142857143	0.727272727273	0.41021891341	2
0.144992678857	-0.531321098134	0.785714285714	0.848484848485	0.148187538775	2
0.103789968332	0.0	0.714285714286	0.69696969697	0.0969378711336	3
0.350086832159	0.365690884271	0.714285714286	0.848484848485	0.341487193122	3
0.330881601798	-0.028515091764	0.75	0.727272727273	0.306102100505	3
0.145741819049	-0.274887506952	0.607142857143	0.757575757576	0.12638482673	3
0.449416011169	0.0	0.571428571429	0.727272727273	0.411725604892	3
0.298123744339	-0.224632185651	0.607142857143	0.727272727273	0.226535495879	3
0.187114788708	-0.16482127509	0.857142857143	0.818181818182	0.19279003811	3
0.451561276262	0.0	0.75	0.606060606061	0.441948063458	3
0.510947662342	0.0881743263057	0.785714285714	0.69696969697	0.506137552069	3
0.220417475398	-0.43136660094	0.5	0.606060606061	0.188026234158	3
0.135049545408	-0.126750594064	0.642857142857	0.575757575758	0.121532393867	3
0.490380358906	0.0	0.75	0.848484848485	0.511322343348	3
0.357305819457	-0.197583295414	0.821428571429	0.909090909091	0.364154037047	3
0.16079272653	-0.291774103848	0.857142857143	0.69696969697	0.165802534787	3
0.0748118636565	0.0	0.5	0.515151515152	0.0676460161305	3
0.719991827562	0.957935183781	0.535714285714	0.666666666667	0.669502791811	3
0.363945925699	-0.528641488447	0.571428571429	0.727272727273	0.375077550297	3
0.293628903191	-0.104403660448	0.785714285714	0.848484848485	0.301205353186	3
