0.0	0.0	0.0	0.0		3	16
-0.00045568	0.01105024	0.00637952	0.01617664		3	16
-0.00648881991516	0.0	0.0	0.0		3	16
-0.00727956923338	-0.00132786206267	0.0	0.0		3	16
-0.00520354647723	0.00784123844366	0.0153971687748	0.0		3	16
-0.0171936851225	0.00890702854545	0.020104408391	0.00790460992167		3	16
-0.039306743041	-0.0331389266517	0.0238418266308	0.0244115404805		3	16
-0.0308684809734	-0.0306835307222	0.028510537201	0.0239965439854		3	16
-0.029939217115	-0.0432802185797	0.0248451075375	0.0170270650478		3	16
-0.0335837539934	-0.0417182742033	0.00367208376759	0.0108660622295		3	16
-0.054258123472	-0.0559530859754	0.00977271738422	-0.0718314156847		3	16
-0.0937053261082	-0.0649992489859	0.00354421170483	-0.0691620561078		3	16
-0.0958430903592	-0.0693071678553	0.00255630549793	-0.0698422538241		3	16
-0.0821894777576	-0.0292565708907	0.0832643266539	-0.0513340234086		3	16
-0.0576617853828	-0.0342735988765	0.068547711229	-0.0809902332799		3	16
-0.0618408723423	-0.0216790902313	0.0659715617334	-0.0885469384671		3	16
-0.0597014221343	-0.0184917460437	0.0563658669216	-0.0865821372556		3	16
-0.0598012014824	-0.018047274402	0.0570280389593	-0.0885777242186		3	16
-0.053337684448	-0.015677318156	0.0464709611365	-0.104305615669		3	16
-0.0471971772688	-0.01676093707	0.0460736342014	-0.102535704776		3	16
-0.0471155143072	-0.0177525587456	0.0462486262618	-0.102471541021		3	16
-0.0478041363609	-0.0163753146383	0.0295249478158	-0.0995203036478		3	16
-0.0430224415487	-0.0158681651885	0.0285106489162	-0.0872038170102		3	16
-0.0449153186929	-0.0123978904241	0.0288787083609	-0.0879399358996		3	16
-0.0424567865812	-0.0103395844701	0.0251051474453	-0.0883401620574		3	16
-0.0421927931771	-0.0106164556013	0.0248733483587	-0.0879151970653		3	16
-0.0419183619709	-0.00686589578338	0.0209398344034	-0.0912083715396		3	16
-0.0296011071582	-0.00737208433733	0.0140219241661	-0.0839530022664		3	16
-0.0225329274155	-0.0115331901536	0.0141929285148	-0.0816159428353		3	16
-0.0290922646904	0.00987096305917	0.00159209638143	-0.0810981004189		3	16
0.0019955606322	0.0187531988656	-0.0273920415133	-0.0640348579486		3	16
0.0250360313014	0.00104000465171	-0.0324529541459	-0.0475203009371		3	16
0.0194331303811	0.0112431821172	-0.0402970154344	-0.0497614613052		3	16
0.0186399868203	0.00973620935178	-0.0375527387142	-0.0518712231768		3	16
0.0191765702217	0.0124191263587	-0.0324551964011	-0.0611541160206		3	16
0.0193468398184	0.012383653526	-0.0326325605644	-0.0614911079308		3	16
0.0185130571528	0.0160219778852	-0.0333905448059	-0.0652810291383		3	16
0.0297790699353	0.0179890594821	-0.0419741735926	-0.063492773141		3	16
0.0195079250298	0.0225459758839	-0.0411785215224	-0.0669647094472		3	16
0.012008417141	0.00352936659459	-0.0327415751476	-0.0654915918261		3	16
0.0124008710575	0.00375593792779	-0.0321670549813	-0.065746484576		3	16
0.0122174591745	0.00820367608999	-0.0295992886196	-0.0592353627303		3	16
0.00765660917471	0.00747394009002	-0.0119031906205	-0.0490190587308		3	16
0.0158496176526	0.00898000782492	-0.0116622197829	-0.0548626015422		3	16
0.00152657510239	0.0457334755008	-0.0049060676366	-0.0537816171988		3	16
-0.0364892772551	0.0361844699324	0.0195970409919	-0.0492773692892		3	16
-0.0722475282259	-0.0192934047355	0.00566184024596	-0.0135191183184		3	16
-0.0774307128335	-0.0229083437439	5.33686961455e-05	-0.0149278813143		3	16
-0.0704936763354	0.0136517134757	0.0255516650134	0.024631975472		3	16
-0.0650232512037	0.0121634360501	0.0177080407436	0.0191615503402		3	16
-0.0669350569167	0.0321638650482	0.0122667475603	-0.00951553535551		3	16
-0.0745769835038	0.0312847053523	0.0214641105324	-0.0120177591053		3	16
-0.116703243394	-0.045493800576	0.0126311850716	0.0803882303306		3	16
0.183285890399	-0.0104007320946	0.076591132465	0.087746454367		3	16
0.294916136561	-0.16609554911	0.0583777765123	0.0545511443242		3	16
0.230340558421	-0.0814792743063	-0.0596396593979	0.0407453310667		3	16
0.230531284019	-0.087624876897	-0.0515868008308	0.0295137125389		3	16
0.230229593595	-0.0889824838028	-0.00784168942259	-0.027807467927		3	16
0.214567896534	-0.089322955478	-0.00937381196114	0.0215609249815		3	16
0.239158801362	-0.0675694627463	-0.00890090994523	0.0236889840531		3	16
0.0587173614418	0.0267315912821	0.0745192532338	0.0255024658613		3	16
0.883218527774	0.277996112109	-0.0567948682036	-0.0906600261794		3	16
-0.614598397199	1.23689263369	0.235426276963	-0.243378614608		3	16
-1.12962111241	0.00373965359636	1.02488597892	-0.00279288613972		3	16
-1.15760955977	-0.23472191789	0.453921652829	0.362736236349		3	16
-0.675888175831	-0.278120240767	0.0841679419132	-0.52258955035		3	16
-0.910556534236	-0.530525161144	0.106907123929	-0.328851719574		3	16
-0.409426396389	-0.126488987505	0.541480915343	-0.368002511594		3	16
-0.392557058751	-0.0626051053282	0.592987295348	-0.312603207519		3	16
-0.394285803626	0.0347808559238	0.961786201864	-0.01525908914		3	16
0.434477702274	0.0385536791677	0.749250492461	-0.820128047829		3	16
0.746457563044	-0.322138826529	0.747608493193	-0.727628755776		3	16
0.431736174241	0.0302996638787	0.340140133231	-0.729483695199		3	16
-0.21999570329	0.61126555821	-0.310450357475	0.022690223002		3	16
-0.206572454321	0.0637887609711	0.177580622901	-0.523827770739		3	16
-0.244887142994	0.0661622372606	0.0807766970956	-0.437534954215		3	16
-0.272553977186	0.0994213038967	0.0787164009323	-0.353504303555		3	16
-0.276548173677	0.109433423099	0.0666805555087	-0.35275872021		3	16
-0.26184184568	0.128450226543	0.0190117682085	-0.295454752498		3	16
-0.181926280841	0.0811532595977	-0.0421481028412	-0.1421473424		3	16
-0.0898045942737	0.0646488258068	-0.0323801726385	-0.129516398173		3	16
-0.0906351444115	0.105949819022	-0.0397796193205	-0.12513713381		3	16
-0.0311620478221	0.113138874654	-0.397271749369	-0.0610891836366		3	16
-0.225312397292	0.147578800193	-0.393108681446	-0.268107197594		3	16
-0.173800352651	0.222865634668	-0.406463655983	-0.269721535175		3	16
-0.208298011241	0.303590155767	-0.288481663608	-0.290650114719		3	16
-0.246706881003	0.245976851123	-0.153666530742	-0.0936126128385		3	16
-0.265786498942	0.169658379369	-0.268144238374	0.17426522302		3	16
0.210715453296	0.190631176562	-0.184253049599	0.300102006181		3	16
0.306065952694	0.0840188071568	-0.188945495436	0.281332222835		3	16
0.415619827979	-0.37975926488	0.329609514243	0.304155946853		3	16
0.220188435345	-0.341123734211	0.166052434412	0.487030792019		3	16
0.217795112114	-0.305690875644	0.159047585931	0.516684650589		3	16
0.200624613135	-0.318041585436	0.341898338215	0.480536231686		3	16
0.258211037595	-0.305884451383	0.350642943411	0.351073418178		3	16
0.279987899944	-0.227487746927	0.367193358796	0.362978102929		3	16
0.387530798068	-0.268223693186	0.220543952263	0.332018783772		3	16
0.0900840616197	-0.112004982797	0.161370198327	0.118993269604		3	16
0.0547491032237	-0.154838678344	0.183866409782	0.110471977387		3	16
0.0347201040316	-0.20427533508	0.123938372517	0.141946118974		3	16
0.0710577904446	-0.165474076707	0.21970973247	0.258041947599		3	16
0.131689179339	-0.188478912365	0.195145246937	0.197410558704		3	16
0.123230293015	-0.157889218798	0.183538868028	0.185017306648		3	16
0.102559498923	-0.114530967775	0.0267433323509	0.244508860378		3	16
-0.101948287629	-0.139192200859	0.0784717724786	0.0574443850325		3	16
-0.070390867676	-0.109876564838	0.0820068932929	0.0500292535682		3	16
-0.0715918207436	-0.133010713404	0.0605161541879	0.0474377232643		3	16
-0.101292159249	-0.142261638512	-0.117685876842	-0.118105147092		3	16
-0.0117286236085	-0.126607266953	-0.112809925045	-0.0241789177384		3	16
0.0328525477413	-0.266776895791	-0.137309487679	-0.0318099290506		3	16
0.0665343024656	-0.277047980336	-0.105015717353	-0.0261654591654		3	16
0.132186738571	-0.650446210686	0.00885022651752	-0.384176399803		3	16
-1.06310715008	-0.565823634498	-0.472440675552	-0.237409119227		3	16
0.593451616835	1.24716562131	-0.600793897202	0.492599828908		3	16
0.696556330228	0.543326834011	-1.37109687991	0.547134553347		3	16
0.909605768488	0.451912004119	-0.747058454368	1.23010154692		3	16
1.06730840931	-0.0838969683029	-0.517154604499	-0.339324734007		3	16
0.972532986546	-0.0597670293788	-0.59913825241	-0.304147353166		3	16
0.968208445176	0.00152864394593	-0.614744206048	-0.251124715505		3	16
0.942294933124	-0.00710919340472	-0.492312250556	-0.282296041596		3	16
0.953935733381	0.00998049207835	-0.486615688728	-0.363038613589		3	16
0.890922338783	0.0192937925378	-0.472942971033	-0.358481041024		3	16
0.804300260951	0.164271796487	-0.494370537654	-0.389938532447		3	16
0.690597423526	0.0742570501923	-0.343714278066	-0.412205338109		3	16
0.689769237656	0.0458621060806	-0.366193608821	-0.374582037161		3	16
0.690670239597	0.0474388594763	-0.312133492397	-0.331784444992		3	16
0.689916656221	0.0475895761514	-0.311869738215	-0.322741444488		3	16
0.65966639247	0.0567563227427	-0.313703087534	-0.325949805795		3	16
0.530703518718	0.0299060083338	-0.305566628622	-0.327577097577		3	16
0.501271876993	-0.0633922959343	-0.32499151216	-0.321690769232		3	16
0.521396278295	-0.0522738421766	-0.289746013749	-0.314352589752		3	16
0.513539889874	-0.0220183888978	-0.273030293705	-0.261363757214		3	16
0.515140881849	-0.0243698458604	-0.263974682849	-0.256360657294		3	16
0.517791436622	-0.0199057536107	-0.270531318341	-0.231110635507		3	16
0.496860787848	-0.0151714401977	-0.262557737856	-0.242821831844		3	16
0.49343276626	-0.0170534912659	-0.262132035828	-0.242104860009		3	16
0.483705021808	0.00420857875029	-0.250458742486	-0.244745247789		3	16
0.483892097846	0.0044510847249	-0.250988791259	-0.245036254958		3	16
0.48553429731	0.00344337141725	-0.252295086288	-0.242181067253		3	16
0.46256066494	0.058083361919	-0.285824171368	-0.285644696061		3	16
0.416517093108	0.0546624539716	-0.277687957872	-0.290637372525		3	16
0.400352814324	0.102014282408	-0.274169850137	-0.299004763895		3	16
0.378369470607	0.0207714904117	-0.0361762594652	-0.281322509167		3	16
0.357990688717	0.0158376800593	-0.0544099064197	-0.227908649265		3	16
0.353697139081	0.0224699925055	-0.0528041886695	-0.221974474971		3	16
0.350004946885	0.0307270768711	-0.0655590344376	-0.225062490262		3	16
0.348313861262	0.0290661892056	-0.0618446856584	-0.230800102198		3	16
0.35075279355	0.0327575461823	-0.0582192457707	-0.238907904128		3	16
0.351788686591	0.032336358902	-0.058856718411	-0.239533993329		3	16
0.332351510895	0.0639217694082	-0.0716991380674	-0.258971169025		3	16
0.332262617274	0.0639033322127	-0.0716691776247	-0.258983350743		3	16
0.328219589767	0.0760324147335	-0.0691535160649	-0.263071300778		3	16
0.318971171903	0.0562143764551	-0.00969940122984	-0.250740076961		3	16
0.298002820853	0.0487510650643	-0.0256922113531	-0.202761646591		3	16
0.294891454407	0.0372779012944	-0.0297758798136	-0.21151236472		3	16
0.293520611675	0.0367295642014	-0.0317978728437	-0.212232057155		3	16
0.293606152832	0.0435728567636	-0.0290605558189	-0.202138200626		3	16
0.301396990529	0.0433957922705	-0.0432257152681	-0.207804264405		3	16
0.260714179801	0.0545835652207	-0.0434799828352	-0.228145669769		3	16
0.249578233782	0.0440406577474	-0.04058068328	-0.228211562941		3	16
0.0	0.0	0.0	0.0		3	17
-0.00551808	0.00164736	-0.01011456	-0.00027648		3	17
-0.00572486788547	0.0	0.0	0.0		3	17
-0.00498521366826	0.000369827108605	0.0	0.0		3	17
-0.0100164867829	0.00319991823557	0.00141504556348	0.0		3	17
-0.000230787632479	0.00574579118527	-1.7007970719e-05	-0.000716026767102		3	17
-0.0239879429222	0.0536495633269	0.0124457620174	-0.00772633488539		3	17
-0.105844170764	0.0372783177585	0.0454566342291	0.000861859511172		3	17
-0.0423500917585	0.127351313558	0.063471233389	-0.0354626601062		3	17
0.00651910758608	0.0800230349132	-0.00366888282765	-0.0488906833495		3	17
-0.0297763591408	0.148307726552	-0.0698004535588	-0.142705237177		3	17
-0.0843537994288	0.124717477636	-0.0254187988191	-0.185687470371		3	17
-0.0734893290031	0.143026122242	-0.0175051722127	-0.200575818732		3	17
0.0650217192471	-0.0591251373661	-0.358167480071	-0.347821797953		3	17
0.161088888248	-0.0700957708631	-0.342156285238	-0.320839969623		3	17
0.159623262264	-0.307527180229	-0.315042204539	-0.360411871184		3	17
0.224953028552	-0.306086082444	-0.0815843632436	-0.387072180221		3	17
0.26898152808	0.0175828870546	-0.0744446065635	0.769568401957		3	17
-0.0385011884789	0.0413838504703	0.100524638005	0.773428017646		3	17
-0.202489043842	-0.176962096225	0.117425893294	0.897675083547		3	17
-0.138832905054	-0.136515098305	0.171280113365	0.89350645145		3	17
-0.164488249981	-0.352862409998	0.0338134144311	0.710472796601		3	17
-0.285719767926	-0.274003073082	0.698821255586	1.13301760187		3	17
0.703911797934	-0.188129398875	0.642961681102	0.661962981217		3	17
0.724937234375	-0.126200880126	0.648335427885	0.658467437193		3	17
0.807494057316	-0.396691934152	-0.148371473179	0.589334487901		3	17
0.840896724467	-0.372943217045	-0.226182310531	0.360149713864		3	17
0.713945824703	-0.428125392068	-0.265415880056	0.488695474178		3	17
0.711743706023	-0.43389146598	-0.267922238817	0.486913496562		3	17
0.65263840398	-0.5861627526	-0.666632581414	0.313604729554		3	17
0.483983816643	-0.598165913821	-0.697555979816	0.232634252159		3	17
0.838608560464	-1.39057538182	-0.753951828563	0.0873432519957		3	17
-0.312133110879	-1.09160818289	-1.42199443749	0.0397986031097		3	17
-1.07795359978	1.26527039071	-2.03432073357	1.40804253695		3	17
-3.25139140524	-1.04774598941	5.0841865742	-0.441373577329		3	17
-4.11940923368	-2.12904819856	3.93344293878	3.10013916274		3	17
-4.06480661982	-2.09385314358	3.97728592154	3.14679774991		3	17
-3.21127276719	-3.94772867151	2.78233852785	1.65823471091		3	17
-3.3304372935	-2.70643152242	0.0862411200292	-0.079581297819		3	17
0.262311987152	-2.60822425279	-0.936751271956	2.14235817757		3	17
-0.178192641166	0.0964125560453	-0.862820425245	1.372245191		3	17
0.532881690481	-0.115870595156	0.440568433181	1.40787313246		3	17
1.08276523171	-0.899781953046	0.674596249837	-0.0290249306414		3	17
0.671175230463	-0.493034187102	0.094738571602	0.14408498165		3	17
0.653846454973	-0.379730655055	-0.0172319777152	0.303709663564		3	17
0.611131446766	-0.403111501652	0.135642788497	0.152633424012		3	17
0.73856225933	-0.342883008152	0.168609963887	-0.0629211843033		3	17
0.224753910029	-0.149844731125	0.259846960492	-0.0129809335302		3	17
0.244640639201	-0.114261453175	0.24647828971	-0.0192994595213		3	17
0.239778944386	-0.23539868232	0.0297277292004	0.062133928633		3	17
0.127126935282	-0.241775211138	-0.129154113829	-0.222152981135		3	17
0.342995026794	-0.10096279452	-0.121183599681	-0.0235543369437		3	17
0.0234726524156	0.134512878207	0.032418992991	-0.0148598505661		3	17
-0.128856869577	-0.0541874566201	0.171483865596	0.0758532355642		3	17
-0.0833946374865	0.00488026098606	0.244654830384	0.0219290551653		3	17
-0.0465239733636	-0.0752988022653	0.140480573021	-0.107118269265		3	17
-0.0610026696218	-0.0600961711942	0.107420883231	-0.150071734831		3	17
-0.0684496045727	-0.0700254177954	0.117846592162	-0.17274351457		3	17
-0.055366970692	-0.0611054401495	0.12973989569	-0.185231483275		3	17
-0.164774627589	0.0862599752624	0.230216315289	-0.0512629238093		3	17
-0.321057301943	0.0684302871521	0.25423181356	-0.0348887204427		3	17
-0.491221375773	-0.417187451784	0.198829556964	0.0397347272168		3	17
-0.346107132927	-0.320122147125	0.475836522752	0.0713373845477		3	17
-0.33677447771	-0.37261833272	0.440722407499	-0.0288720008442		3	17
-0.337421263327	-0.355370716279	0.343704565019	-0.0937661577027		3	17
-0.343621979176	-0.354998673328	0.33378341966	-0.0379597150562		3	17
-0.344526627281	-0.356050589729	0.333846534644	-0.0396427812978		3	17
-0.34481434815	-0.356284023642	0.333575099861	-0.0396264952109		3	17
-0.331461392309	-0.32258370652	0.360916866583	-0.00783374320889		3	17
-0.25782076246	-0.325785473035	0.352836217759	-0.0143897413115		3	17
-0.23932311539	-0.157212576157	0.345506961373	-0.0328873883809		3	17
-0.216951885876	-0.16969336736	0.231766920791	-0.0279421692252		3	17
-0.216028940712	-0.213533262664	0.256224967645	0.194949087954		3	17
-0.314633077043	-0.213007373937	0.231245253108	0.208885139222		3	17
-0.338281369992	-0.245610718995	0.231419137615	0.200625625141		3	17
-0.356410106855	-0.268652851831	0.199651491242	0.200795052588		3	17
-0.308992713758	-0.183381237353	0.308034104037	0.35021961067		3	17
-0.353198019927	-0.167954752208	0.335775850431	0.385480148142		3	17
-0.246052432084	-0.0623575110104	0.298925200277	0.319210911731		3	17
-0.228435168729	0.0392353743374	0.399049980345	0.284270006077		3	17
-0.0540635632171	-0.0014739499067	0.164292877204	0.0529053466225		3	17
-0.0696058818243	0.0155960324952	0.160307667305	0.0299239695367		3	17
-0.046047022293	0.168728619448	-0.00787641323811	0.0691887354222		3	17
0.0267449599737	0.163188426295	-0.0438876687358	0.108739558768		3	17
0.0517365631963	0.0576435305425	-0.0358546534143	0.160954158358		3	17
0.0688456812142	0.0421901336231	0.0294083532183	0.155986995062		3	17
0.0509880985907	0.0682411953326	0.00587836199684	0.255359190132		3	17
0.0307396393205	0.0608859857686	0.0166083147725	0.245667619883		3	17
0.0332494693087	0.0875814501881	0.0263053851813	0.231521305404		3	17
0.0404751831773	0.0854619074533	0.00376115791132	0.223332163019		3	17
0.0276779615631	0.104657739874	-0.00186961959888	0.163441165865		3	17
0.0360098254107	0.107398484561	-0.00598073662894	0.164647093528		3	17
0.0533320465086	0.0603810272955	-0.0214470054663	0.187846496784		3	17
0.0577708611338	0.0593453038829	-0.0186357562037	0.188771249831		3	17
0.0501387297835	0.120402354685	-0.0328824013909	0.227440715339		3	17
0.0167229543217	0.116242714586	0.000394719401021	0.219676053821		3	17
0.0210998045456	0.130893004919	0.00221840699431	0.205086553074		3	17
0.0224393542535	0.126874355795	-0.0112329046565	0.203412115939		3	17
0.0212280744977	0.127912595586	-0.0143476240286	0.192986458041		3	17
0.0259369310799	0.116925263561	-0.00492991086414	0.164733318548		3	17
0.0122495090377	0.117493599424	-0.00625602787862	0.165869990275		3	17
-0.00760154187936	-0.0464193638623	0.0005500467215	0.149989149541		3	17
0.297156204305	-0.0200170838711	0.218557444363	0.140936939258		3	17
0.0315330591064	0.164051099079	0.234503945361	0.272609476072		3	17
0.0502599961557	0.213009862755	0.200577117703	0.269670270706		3	17
0.0616693410687	0.173255426574	0.096645116385	0.341691760469		3	17
0.0209076787159	0.20324101727	-0.00783592619753	0.06854177022		3	17
0.0132488926095	0.198828339182	-0.0045898181789	0.0572311125926		3	17
0.0129378498427	0.183172519923	-0.0136100584145	0.0638666916165		3	17
0.00225377810407	0.182589752373	-0.0429426917334	0.0469664326845		3	17
0.0706806373447	0.208191638484	-0.0415462252182	0.117255247279		3	17
0.128100846877	0.186037384412	-0.0498352318436	0.116803119645		3	17
0.0977993681135	0.285562068972	-0.0882345195871	0.102436039196		3	17
0.0124999628866	0.247651222204	0.0362830029856	0.0543938454478		3	17
0.00701155707982	0.237972344396	0.0319812795154	0.0685227820178		3	17
0.00957506023468	0.219905750734	0.000120597447908	0.0543624788767		3	17
0.0103066718303	0.219556572472	0.00258147281493	0.0587022658415		3	17
0.0124574746252	0.215441993212	0.00454524927981	0.0448623174223		3	17
0.0169639280447	0.213557476328	0.00815041201547	0.0431416715712		3	17
0.0145061722015	0.215848604656	0.00719230380539	0.044974574234		3	17
0.0	0.0	0.0	0.0		3	18
0.00617728	0.00146304	0.01820672	-0.0024384		3	18
0.0216555093131	0.0	0.0	0.0		3	18
0.00186213053062	0.026184990681	0.0	0.0		3	18
0.0432153923294	0.0511529978048	-0.0330305927575	0.0		3	18
0.0495595381199	0.0462563027529	-0.0359870878832	0.00391119667667		3	18
0.0520141338255	0.0281974914905	-0.0220484908408	0.0123269533815		3	18
0.0525372570135	0.0279311742311	-0.0200891567185	0.0108146518017		3	18
0.0524611056566	0.0293272824412	-0.0207999027163	0.0160437116429		3	18
0.0499439006556	0.029012631816	-0.0150313079225	0.0131069724751		3	18
0.0431814102639	0.0269582043553	-0.0152881113551	0.0178150354061		3	18
0.0387835742092	0.0214434575565	-0.0169634774711	0.0176056146416		3	18
0.0395277318689	0.0223810962077	-0.0157877083689	0.0179628103182		3	18
0.0376638745138	0.0290377296188	-0.00740035027093	0.0284802911077		3	18
0.0384787424916	0.0291463786825	-0.00778838264134	0.027991370321		3	18
0.0372254293356	0.0437683655028	-0.00583878439863	0.0210285194542		3	18
0.0299309494423	0.0431715444206	0.00112412822681	0.0219569078042		3	18
0.028736155819	0.0403752189192	0.000895337958517	0.024626127601		3	18
0.0271862798795	0.0358224583471	-0.00976005912523	0.023754322385		3	18
0.0308573496232	0.0366270763731	-0.00739649367379	0.0292860713139		3	18
0.0322413660128	0.0343308673631	-0.00789977236092	0.0278076901705		3	18
0.0324084395308	0.0339967203271	-0.00734539205123	0.0279291981836		3	18
0.0323121061828	0.0344205870586	-0.00819312551407	0.0293356650651		3	18
0.0312470881992	0.0341247487298	-0.00689143686747	0.0267322877719		3	18
0.0291426041121	0.0332638234214	-0.00713058278646	0.0277845298155		3	18
0.0318372097966	0.0365572303692	-0.00578327994419	0.028158780605		3	18
0.0345408378772	0.0349616465839	-0.00773343790397	0.0273609887123		3	18
0.0363775595389	0.0317605031164	-0.00584423848051	0.0296700102299		3	18
0.0330736683644	0.0345808980214	-0.0107597838865	0.0325709878465		3	18
0.0393898679491	0.0386272133804	-0.0142139555343	0.0385911155757		3	18
0.039630960654	0.0384413105717	-0.0143330495211	0.0386927811741		3	18
0.0393642303188	0.0428690341371	-0.0177471978125	0.036505592425		3	18
0.0376883866681	0.0426785973586	-0.0145859472896	0.0340680016604		3	18
0.0383371375973	0.0438679740621	-0.014450790846	0.0318244046968		3	18
0.0350516231179	0.0476228477528	-0.0075668557464	0.0326066700491		3	18
0.0653430263266	0.0528369417478	-0.013525820312	0.0216819016787		3	18
0.0629869922826	0.0542886394921	-0.0132759379134	0.0213963217946		3	18
0.0629945558889	0.0550374365202	-0.0137373179004	0.021316903928		3	18
0.0650267703909	0.0547664745866	-0.0405625493265	0.0378455818774		3	18
0.0617475822397	0.0552056515711	-0.0406211062578	0.0320484456815		3	18
0.0	0.0	0.0	0.0		3	19
0.0480192	-0.06121472	0.0726144	0.06371328		3	19
0.0477124103127	0.0	0.0	0.0		3	19
0.0477878692408	0.004602994615	0.0	0.0		3	19
0.0499919294058	0.00456563766305	-0.00227877406883	0.0		3	19
0.0475208908252	0.00912161504589	-0.00235599402447	-0.00471041729412		3	19
0.0457665674579	0.00817011762631	-0.000601670657114	-0.00474015158848		3	19
0.0472857281933	0.0126516417959	0.00182898651959	-0.00922167575804		3	19
0.0469094934666	0.012774997444	0.00219288568146	-0.00902430672109		3	19
0.0469725675909	0.0146987582336	0.00156214443893	-0.0108849933865		3	19
0.0460447578467	0.014770128214	0.00373892883868	-0.0115986931897		3	19
0.0455150472496	0.0142600365278	0.00377816666069	-0.0104019396185		3	19
0.0474270539228	0.0182311273106	0.00760218000708	-0.0106960944913		3	19
0.0408438407506	0.0189689012006	0.00913447962475	-0.00922054671127		3	19
0.0435433391886	0.0269981786059	0.00823464681209	-0.0110894302453		3	19
0.0357204325916	0.0322584089038	0.023880460006	-0.0128428403446		3	19
0.0143266318988	0.0204408809021	0.0318267288347	0.0107922156589		3	19
0.012414583107	0.0191286905548	0.0311018998809	0.011279600645		3	19
0.0124048742337	0.0187573261519	0.0308470419574	0.0111388219825		3	19
0.0125322481771	0.0186554269971	0.0269493992884	0.00846396917043		3	19
0.0163584377079	0.0172889307361	0.0280425962972	0.0502787547568		3	19
-0.205786887301	0.0317542077135	0.0228764259481	0.0544116910361		3	19
0.366068045497	0.184675613872	0.012918752989	0.0579680028072		3	19
-0.58057500697	2.10180663197	0.525584385937	0.0245851243827		3	19
2.71177356597	2.80151882868	-0.891464999848	-0.354352211368		3	19
4.83198709638	-2.86451675758	-2.09564922241	2.08434833004		3	19
-1.449615766	-7.74865513445	10.9566690723	4.85831533378		3	19
-1.10808037524	2.48602207509	18.9144436768	-16.4079549971		3	19
2.44248158184	2.25842194964	12.094026584	-21.7110379201		3	19
-2.71939975598	-9.76028683694	12.8644566344	1.37618259083		3	19
2.24812944306	-11.320401476	9.23195090764	1.60903552204		3	19
-1.52634787554	-3.42606982926	6.75263737484	-4.16369449465		3	19
-7.02020242096	-1.56847923159	2.86748056924	-2.94351243539		3	19
-7.42466807864	2.84165836127	1.37631802403	0.175258900992		3	19
-6.86238475877	3.06495747873	-1.05844946155	0.998506249708		3	19
-4.91927444391	4.06522855214	-0.661212623782	-3.33281107774		3	19
-1.27755452296	1.60918488452	-1.92553066943	-3.83490867482		3	19
1.46059484947	-1.50681874913	0.175960153261	-2.75310674885		3	19
-2.86631172856	1.29824691236	-3.01619396435	-0.60025862302		3	19
-1.49010277468	2.5057592848	-3.79900529403	0.290577710567		3	19
-0.627183170697	1.48214291783	-4.69714610634	0.872828310704		3	19
3.3913434726	-3.64066177867	1.37965028108	6.20472707645		3	19
3.10552823972	-5.41618064963	3.64307596374	3.51979610085		3	19
1.51389310799	-5.11887521936	5.48997333358	1.16537733995		3	19
-0.339445608187	-2.35191882621	4.97312676203	-2.04533621061		3	19
-2.1158495973	-0.892142399968	2.79374223835	-1.63824362977		3	19
-2.67334332856	-0.125144655044	2.16345473963	-0.697251026041		3	19
-2.38598826331	-0.590245121476	2.80333818389	-1.22308117121		3	19
5.86065382375	-1.45037875851	4.1955132459	-3.13843030111		3	19
0.709294504381	16.0023140175	2.37517862303	-0.192115499141		3	19
2.77996930187	13.041896143	12.4050096734	-1.23823766245		3	19
2.0053602519	14.9609275958	9.66139439314	8.05707093719		3	19
3.68711738531	14.5484713368	10.6832215122	6.59617747794		3	19
6.99166819325	7.89727353227	12.3144488218	2.55494336887		3	19
6.7620235351	7.79307060935	12.5241820934	2.50350562029		3	19
2.49765566856	-1.20370549932	8.44182992852	10.7202144363		3	19
0.418457876358	-4.68317935565	1.10098874382	7.38925470798		3	19
6.88698066381	-5.93227341116	-0.989331920503	2.97918794057		3	19
-6.99438142271	10.7024166925	-4.20154794053	-2.39635723579		3	19
-9.54812855973	-2.32784731381	11.4132312406	-5.41162493974		3	19
-14.5591677432	-4.92732389022	-1.85036309803	10.4827649702		3	19
-14.208761608	-4.71001775986	-1.73763554291	11.057947134		3	19
-14.2225741294	-4.16176690938	-1.39763501548	11.2343224076		3	19
-14.4458554723	-4.14042383984	-2.2447906988	10.708954542		3	19
-14.7591972992	-4.28787881721	-2.23069573773	10.1494930102		3	19
-14.6788917276	-3.51426847764	-1.86664381322	10.1146939292		3	19
-14.6750332136	-3.50981634605	-1.82375494554	10.1348769258		3	19
-9.08259234168	-3.82251196469	-2.18455758244	6.659144857		3	19
-8.02256321002	-1.48642880725	-2.31517728587	6.50842981458		3	19
-8.13975696688	-1.20543014023	-1.69591482063	6.47380438642		3	19
-7.12925243043	-0.72989859366	-2.83610977888	3.96105246422		3	19
-7.004986033	-0.336037300107	-2.65076328779	3.51664212764		3	19
-7.00573882456	-0.321232399318	-2.60383928021	3.53872401356		3	19
-7.00465266946	-0.3209361752	-2.60966502119	3.5202593769		3	19
-5.32019800356	-0.284533422106	-2.59973699762	3.32500824667		3	19
3.74902571922	3.56553736597	-2.51653311025	3.34770021595		3	19
-0.393830194407	-4.28167312447	-5.84783431094	3.27570745916		3	19
-3.61537721304	2.72602193668	7.42582505449	8.91064708969		3	19
12.0569878621	9.15854413256	-6.56656858808	-17.5931127483		3	19
14.1724613419	-3.88380975587	-11.919636263	-5.94881089868		3	19
14.6355572993	-5.24934911752	-3.50078924206	-2.49340260094		3	19
14.2088185138	-5.07229791926	-4.02286328819	0.725297387812		3	19
7.85610058879	-6.06590105562	-3.61062368906	-0.49028091731		3	19
7.59906584583	-2.63305926633	-3.07370667043	-0.713044361207		3	19
7.06834088483	-2.8000706177	-0.84317728888	-0.364176205024		3	19
7.0674339581	-2.80769947192	-0.845577977272	-0.332113677822		3	19
6.91765098358	-2.82575841211	-0.997485532993	-0.379916754797		3	19
6.92785897427	-2.74109213636	-0.987277542299	-0.294049538961		3	19
6.86026284511	-2.73127047657	-0.905815540491	-0.284227879168		3	19
4.12013418146	-2.14837037902	-0.990510426459	-0.986697227487		3	19
3.73131938699	-0.673555641411	-1.30424374337	-0.941112044688		3	19
2.57274247845	-1.0783596215	0.231219629396	-1.26774698035		3	19
2.44226946804	-1.51857343714	0.0774099829699	-0.684331080113		3	19
2.32695831362	-1.58050912269	-0.131560013021	-0.75734469317		3	19
2.37873263482	-1.44577821867	-0.0591936322562	-0.51318170116		3	19
2.37741733049	-1.44991203227	-0.0699509426512	-0.518959645172		3	19
2.23107344464	-1.4734616231	-0.143963942392	-0.711561655861		3	19
1.98319808485	-1.57891471015	-0.160933404676	-0.764894251611		3	19
1.93832051774	-1.42068259852	-0.0936170540062	-0.754061735411		3	19
0.878621044666	-1.22337097913	-0.789310608558	-1.05002916449		3	19
1.02108866262	-0.518947757051	-0.920471272701	-0.587574753842		3	19
1.10377842487	-0.420656152858	-0.434473896416	-0.678065437067		3	19
0.982222650846	-0.333003689954	-0.330283232965	-0.162900490001		3	19
0.973334152016	-0.298619233952	-0.355077466545	-0.192372880861		3	19
0.996408165956	-0.292850730467	-0.377392466869	-0.176281792192		3	19
0.89027420858	-0.236640411577	-0.363339887147	-0.230643087433		3	19
0.87903714269	-0.129139147899	-0.420274354321	-0.244876704227		3	19
0.751992365922	-0.143686259743	-0.28110698435	-0.318582070902		3	19
0.740136155051	-0.188705495224	-0.286261858642	-0.269267106844		3	19
0.74268006248	-0.183961451639	-0.268248243871	-0.267204479198		3	19
0.743950777523	-0.1808270212	-0.262402954673	-0.245009323116		3	19
0.745746419368	-0.179330652997	-0.258711913104	-0.238126029379		3	19
0.74255967321	-0.178405468628	-0.257940926131	-0.236224261511		3	19
0.739371647191	-0.169421031663	-0.260549311056	-0.238397915615		3	19
0.681300815456	-0.183012077388	-0.222247273104	-0.249517862118		3	19
0.363882233973	-0.256684538276	-0.239489763949	-0.200925387915		3	19
0.295865291428	-0.336996088512	-0.258129975609	-0.205287990644		3	19
0.339305936915	-0.244448626387	-0.148853817707	-0.179925129304		3	19
0.334205313566	-0.201227554852	-0.056774143566	-0.0712013158142		3	19
0.329950205601	-0.203248731135	-0.0396473340074	-0.0347137650154		3	19
0.3304159374	-0.202782999336	-0.0394261114029	-0.0365883355066		3	19
0.340444011043	-0.22389473332	-0.0605378453874	-0.0466164091492		3	19
0.471124516387	-0.229682448009	-0.0483531828845	-0.0344317466462		3	19
0.290292271587	-0.0276589245221	-0.0573006116636	-0.0155950544796		3	19
0.284974497848	-0.0508637553863	-0.0313764646825	-0.0167432101734		3	19
0.284975132111	-0.0508567784912	-0.0313460200492	-0.0167772225371		3	19
0.285141903977	-0.0506661820724	-0.0292494594426	-0.00762859443554		3	19
0.285629120747	-0.050976229108	-0.0296037989119	-0.0115263285975		3	19
0.281465750964	-0.0498019453229	-0.0303510704115	-0.0123803531685		3	19
0.2616909376	-0.0605133025615	-0.0273299183698	-0.0143029044677		3	19
0.363541712002	-0.0230987323734	-0.00706369285124	-0.0200190193576		3	19
0.0909603809032	0.0951002519082	0.036356342191	0.0035001662903		3	19
0.123714369287	0.144285643103	0.0150281637084	-0.00433467478492		3	19
0.124806032096	0.142065436984	0.0116941664804	-0.00288895917276		3	19
0.12742632592	0.156428529054	-0.0175172572563	-0.0467546187375		3	19
0.123188508189	0.157596091082	-0.0111172876224	-0.0597707731956		3	19
0.120481948934	0.150427366567	-0.00914223086846	-0.0489445361738		3	19
0.121113991958	0.151262566277	-0.00693008028478	-0.0495540062326		3	19
0.119277216725	0.153167370223	-0.00441301792854	-0.0428871924241		3	19
0.114529908989	0.150551506776	-0.00170027065092	-0.0393024906644		3	19
0.122905286873	0.156963905469	0.00183309189393	-0.0429667184887		3	19
0.150616986293	0.141933831207	-0.0096743087127	-0.0493075310679		3	19
0.13593650811	0.15109942076	-0.0146454759281	-0.0531135809671		3	19
0.138002837623	0.158609733798	-0.0193344544382	-0.050570406182		3	19
0.13505677702	0.16096658228	-0.010768216685	-0.0559186392766		3	19
0.134602665722	0.160168819189	-0.0101300062122	-0.0535989896738		3	19
0.135555029072	0.15809602837	-0.0137713954902	-0.0506858782515		3	19
0.135231119022	0.158240935497	-0.0140867815912	-0.0512399349154		3	19
0.135759107736	0.160748881886	-0.0152087576074	-0.0487979871154		3	19
0.10459054867	0.165123416492	0.00557028177	-0.0580938731526		3	19
0.0854022924956	0.162525481571	0.00593490421511	-0.0563619165383		3	19
0.0862088042847	0.145548408409	0.00363634561602	-0.0560393118227		3	19
0.0863618901367	0.145633456104	0.00184609162437	-0.056281697755		3	19
0.085911672847	0.147106894507	0.00266466851485	-0.0735127412997		3	19
0.0864379676589	0.14720338189	0.0023488916277	-0.0736881729036		3	19
0.0878628811712	0.14150372784	0.00130395505203	-0.0702683804742		3	19
0.0853392574526	0.142095202149	-0.00106194218408	-0.0707021283008		3	19
0.0844340324667	0.140026116467	-0.00057700022733	-0.0726418961278		3	19
0.0814965881186	0.135456758593	-0.0110212467982	-0.0701940258378		3	19
0.084671891995	0.135929117847	-0.0102864657359	-0.0685145262668		3	19
0.0	0.0	0.0	0.0		3	20
-0.00306432	-0.00393984	0.00423168	0.00153216		3	20
-0.00932613635113	0.0	0.0	0.0		3	20
-0.00593544693743	0.0022473174021	0.0	0.0		3	20
-0.00350198776157	-0.00472859890203	-0.00462357243414	0.0		3	20
-0.00451189130979	-0.00424769245049	-0.00600217092854	-0.000913722257918		3	20
-0.00404223106714	-0.00197164665919	-0.00708600225773	0.00219326088577		3	20
-0.00402161105736	-0.00198122023516	-0.00713239727975	0.0022153537534		3	20
-0.00384253687966	-0.00699529721057	-0.00480443296974	0.0134970269481		3	20
0.00347616052516	-0.0070475736206	-0.00334069348878	0.0128174336176		3	20
0.00282267045703	-0.00476035838215	-0.00335703074048	0.0132748766653		3	20
0.00390821208559	-0.00114188628695	-0.0160216830737	0.0133653384677		3	20
0.00410785723307	-0.00117562912878	-0.0161341592131	0.0137590049556		3	20
0.00356730837392	0.00650016467113	-0.0174314764751	0.00943461408246		3	20
0.00757963168433	0.00673899343961	-0.0208228449874	0.0100078031268		3	20
0.00944942529852	0.0027117456552	-0.0210625621175	0.0134117863731		3	20
0.00776885863714	0.00443653775504	-0.0247774989479	0.0131906591809		3	20
0.00885069699064	0.00557847823929	-0.0259494904975	0.0157149486724		3	20
0.00699938861291	0.00814182830076	-0.0232437320993	0.0129379861058		3	20
0.00969957624576	0.0094419186425	-0.0250438571879	0.0110378540678		3	20
0.00929373317496	0.00998980678807	-0.0247800591918	0.0106725953041		3	20
0.00894854662923	0.00801731224101	-0.0221171915533	0.0119547167597		3	20
0.00564012029115	0.00739139374462	-0.0256938686756	0.0167832308747		3	20
0.00498892853345	0.00705204029342	-0.0257580706798	0.0164163622789		3	20
0.00542137017682	0.0121692664066	-0.0230913472124	0.0169208775295		3	20
0.00597732066432	0.012109700283	-0.023796213009	0.0165535531002		3	20
0.00561549845765	0.0143610384578	-0.0240374278135	0.0136991779143		3	20
0.0154271077434	0.0172095701859	-0.0417616252329	0.0155981990663		3	20
0.0165243947516	0.0170729601568	-0.0418012862091	0.0158449784738		3	20
0.0162199821511	0.0265478023458	-0.0429808850358	0.0155025142983		3	20
0.0170728442261	0.0267427422487	-0.0490483895124	0.0162579064219		3	20
0.0169921403436	0.0268338595354	-0.049027562704	0.0156096720106		3	20
0.0169137760625	0.0280485058929	-0.0503989376238	0.015296214886		3	20
0.022248181765	0.0283718032082	-0.055410046011	0.0209539179039		3	20
0.0355082857828	0.0249796835758	-0.055615629019	0.0241404545283		3	20
0.036152336706	0.0239786887675	-0.0553595605797	0.0241559738277		3	20
0.0363150715656	0.0206019404301	-0.0501113613565	0.0228134112357		3	20
0.0370862514479	0.020461725906	-0.0472019099824	0.0182914928349		3	20
0.0355642614485	0.0220561916198	-0.0474918128394	0.0243069771185		3	20
0.0393009124708	0.0234091169899	-0.0489091632272	0.024564677189		3	20
0.0	0.0	0.0	0.0		3	21
0.00296192	0.00026624	0.0204672	-0.0319488		3	21
0.00422399710986	0.0	0.0	0.0		3	21
0.00864242981152	-0.00302313816429	0.0	0.0		3	21
0.013429601686	-0.00502217696903	0.00136776339272	0.0		3	21
0.01380199525	-0.00582902969104	0.001704690903	-0.000230529349143		3	21
0.0127829194387	-0.000478881681753	-0.00988729645044	0.00461008075449		3	21
0.0159386958032	-0.000223869450284	-0.0112261106657	0.00751084488746		3	21
0.0150450511948	0.00305282744706	-0.010961327078	0.00612073105222		3	21
0.0049812189339	-0.00781611139471	0.0288914486752	0.00934115737571		3	21
-0.170586846545	-0.0218391198195	0.0137465995764	0.064872270738		3	21
0.0410117027327	0.129717735841	0.025851779741	0.0779458653158		3	21
-0.0935280001331	0.326352686184	0.166691000467	0.0891950043514		3	21
0.0874011478875	0.459598536573	-0.028052934718	-0.0502897821769		3	21
0.0812527624268	0.46772962614	-0.022064767771	-0.0590417184841		3	21
0.320617715428	0.856539364614	-0.536256148293	-0.437719607095		3	21
0.632312160875	0.806402981474	-0.617694611911	-0.330019228498		3	21
1.10032229569	-0.538124911934	-0.401425869908	0.0212744423753		3	21
1.09396735709	-0.738061057027	0.172962810983	-0.0711165879978		3	21
0.98125294678	-0.751143979653	-0.23864606238	1.11137834159		3	21
-0.115269324852	-0.987773063319	-0.266111938162	0.247259634271		3	21
0.899686499127	-0.30720191003	-0.119244945545	0.264306695915		3	21
0.768234313668	-0.0502726384507	0.0530370853977	0.301485091802		3	21
0.208105913208	0.554116589294	-1.12826913247	-0.490631093045		3	21
-0.331768182816	0.26820923974	-0.819769649025	-1.09360735614		3	21
-0.454368491728	-0.169739286424	-1.05169909939	-0.843351055472		3	21
-0.317567670639	-0.0591586227103	-0.656686728494	-0.63415979989		3	21
0.601104971161	0.240816117469	-0.414207146849	0.232017262378		3	21
0.512193663508	0.6442100133	-0.282486691068	0.338491297468		3	21
0.370233165107	0.59355450506	-0.0526607740523	0.413536494861		3	21
0.426833224692	0.476219221718	-0.09452931128	0.60349559895		3	21
0.498310951339	0.428201975903	0.00501328963318	0.639015205443		3	21
0.636803707995	0.255218685981	0.121219855563	0.398112096165		3	21
0.597517640635	0.343612337541	0.0108124593612	0.472281481957		3	21
0.680577730304	0.375202404432	-0.0602651911428	0.561060463046		3	21
1.77733768583	-0.195636821567	-0.277371257424	1.04954911218		3	21
-5.67123199561	2.10165888018	-1.47306270629	0.594794331628		3	21
-0.517303012969	-18.9122146542	5.00805828905	-2.77848536731		3	21
-23.6740197341	-7.67155841246	-40.8229435549	11.3567604646		3	21
13.9448218959	-66.3936526643	-12.3182603035	-104.864051075		3	21
14.7401898905	-5.24973807902	-107.762419656	-58.5338653897		3	21
15.665732739	-5.16654321624	-101.36681458	-68.5172489238		3	21
44.696489867	-1.405644549	-101.028756272	-42.5290165603		3	21
32.3318988437	21.740061263	-98.0302587218	-42.2594886906		3	21
64.8600754839	-9.67530933424	-39.222739375	-34.6410473196		3	21
63.1491848567	-1.0067968233	-47.5946975105	-18.9692891748		3	21
63.6332178303	-1.30193888036	-46.0993110881	-20.4135176407		3	21
61.3372733926	-2.66619572019	-45.2674471614	-24.6282948694		3	21
60.9016230531	-0.747480395293	-44.1273409538	-25.3234815814		3	21
58.9566684289	-1.81042071318	-39.4458804048	-22.5417441537		3	21
54.8146875525	-3.45194308816	-40.3429914702	-18.5906379721		3	21
31.9073321953	5.78764076409	-36.6812209113	-16.5894377829		3	21
-18.7824779897	26.4789289883	-45.0269635593	-19.8969671273		3	21
-47.7095606444	-50.8555435044	-13.4594778226	-32.6295775453		3	21
-32.7740698138	-25.810655819	53.496225969	-59.9605097455		3	21
-57.1503508072	-8.11528146829	83.169081598	19.3677330923		3	21
-54.4459322734	12.5505582714	68.1672127499	-5.78846194892		3	21
-57.4625626638	12.1960540349	65.4582652818	-3.82196674984		3	21
-52.760983763	1.26609483769	64.1738133141	-13.6371185788		3	21
-56.5083792696	3.26333310221	59.5307491012	-14.1827558366		3	21
-33.1243970208	-8.46086736413	65.7793614377	-28.7091690518		3	21
-39.5450858096	-3.25838961791	63.1709566172	-27.3189752739		3	21
-60.7192287223	46.9321713603	22.5031583246	-6.92905987648		3	21
-60.8432449422	50.0573801039	15.0952561176	-0.926674829255		3	21
-60.9095872994	50.0693696865	14.7931186358	-0.210497094577		3	21
-59.3925625974	48.9350178823	14.9981219739	-5.3765812148		3	21
-58.7750915606	47.8295455423	15.8247364263	-5.52596936886		3	21
-58.7780614667	47.8065287702	15.8659438731	-5.55678214439		3	21
-58.7946651525	47.7932458216	15.7630010211	-5.37248123194		3	21
-58.0357757549	47.7158081279	15.7010508662	-5.85259493245		3	21
-57.9087938032	46.9837945238	15.775746132	-5.79283871987		3	21
-52.3900812969	46.6522817584	17.6868197207	-5.98784622893		3	21
-49.7461109648	48.8024070572	17.5576602505	-5.24327987104		3	21
-49.1891740303	38.6016674146	9.26223117331	-4.74496787701		3	21
-48.5810626281	38.7360176081	6.80150131341	-6.74607865388		3	21
-46.1156816237	37.293685864	6.48284662576	-0.909666480103		3	21
-43.7697867316	35.03978685	7.80145421217	-0.618346199385		3	21
-43.8564746395	34.3417210652	8.47214486814	-1.01072304574		3	21
-41.4834741517	34.5335806791	10.0171196538	-2.49511058489		3	21
-39.3196610153	36.1226309512	10.1455960588	-1.46053742905		3	21
-40.3079105483	31.4720449137	6.73032193751	-1.73666597502		3	21
-40.2273708413	31.5209440215	6.96043538602	-1.56767641127		3	21
-40.287382691	31.4206257056	6.89952783705	-1.85430017112		3	21
-39.3194060335	30.8145094808	5.88631862547	-2.46946290672		3	21
-39.2981327789	30.3592618308	6.17138023806	-1.9929420021		3	21
-39.1383507468	30.3746254878	5.8425979798	-1.78706899927		3	21
-35.7765290272	30.9880105033	5.90157730822	-3.04922662733		3	21
-36.4693995642	29.5673766684	5.64237394186	-3.07415002794		3	21
-31.4715414921	26.8536959183	0.078352260015	-4.08933994884		3	21
-22.622501419	20.5258907264	3.51415273534	2.95528692503		3	21
-22.4864354699	17.2784500739	5.83634493376	1.69440912979		3	21
-21.9300629408	17.3529642519	4.05793988561	2.96611776757		3	21
-21.9322349715	17.3458093272	4.05698163677	2.98898797321		3	21
-21.1404552792	17.1626766093	3.45372091877	2.90819412705		3	21
-21.0974501558	17.2228837819	3.43979545027	2.86232199549		3	21
-19.6539308399	16.3808308477	2.2609213423	3.13498675516		3	21
-17.4543045407	14.8034095972	3.18108373839	4.42321410968		3	21
-16.414467084	15.5778879404	2.6256809425	4.74719907395		3	21
-15.1284222141	12.3911444025	0.252171660591	6.44931728408		3	21
-14.919841113	12.1102827218	0.948130384083	6.96767229772		3	21
-14.2585060298	11.4680246122	1.81295318515	4.8246922686		3	21
-14.302003099	11.2940363356	1.98192256915	4.59716913767		3	21
-14.2997578782	11.2989009806	2.00138114929	4.57827186273		3	21
-14.2906473428	11.2879683382	1.97769375738	4.4835222951		3	21
-14.1163901994	11.3063111954	1.95568232874	4.43583086637		3	21
-13.9977487517	11.0714999969	1.93096536047	4.46549122829		3	21
-13.0754469294	10.8636573327	2.34232063334	4.50879178333		3	21
-12.5649993765	9.75421520237	2.5923357613	4.01397017591		3	21
-12.0327671912	9.42409650518	3.30983864395	3.85227938546		3	21
-11.8700269077	8.90983720939	3.62880959958	3.15900577783		3	21
-11.8527052032	8.92952096452	3.56660893335	3.1975859379		3	21
-11.8375778562	8.94969076056	3.58952915612	3.12515803394		3	21
-11.7942321376	8.90634504201	3.53173486473	3.05948270281		3	21
-11.7815393143	8.89023492006	3.54784498667	3.08096286541		3	21
-11.7608648257	8.8734368981	3.56916555301	3.05964229908		3	21
-11.5944013525	8.93396907018	3.51998316319	3.12206610153		3	21
-2.90936850653	7.89412840291	3.14185928418	3.42929175323		3	21
-3.62472617108	3.02572207475	3.72474330715	3.64124957976		3	21
-3.85453524873	2.6857305626	1.41091218284	3.91827970077		3	21
-3.76958259256	2.37565336756	0.952167839487	0.796269586318		3	21
0.0	0.0	0.0	0.0		3	22
-0.00014336	4.096e-05	0.0039936	0.00090112		3	22
0.0012902869762	0.0	0.0	0.0		3	22
0.00146139429629	-3.91102445909e-05	0.0	0.0		3	22
0.0014613798054	-3.86030632789e-05	-1.15927157022e-07	0.0		3	22
0.0014613798054	-3.86028864054e-05	-1.22117730832e-07	1.4149882996e-09		3	22
0.0014613798054	-3.86028864054e-05	0.000104837883148	-0.00367359861577		3	22
-0.00121863019721	-3.86028864054e-05	0.000104837883148	-0.00354286642052		3	22
-0.00604518971622	-0.003918778186	0.000104837883148	-0.00354286642052		3	22
-0.0073103739087	-0.00479072945379	-0.000596142547822	-0.00354286642052		3	22
-0.00479023915017	0.00852998284132	0.00858434835827	0.00383752822947		3	22
0.000876245655288	0.00796333436077	0.00558920638967	0.00177330876463		3	22
0.00198520331428	0.00278819861883	0.00610671996386	0.0045087376568		3	22
-0.00728888977968	0.0127247269338	-0.0402637455059	0.00914578420378		3	22
-0.00760726787086	0.0126901742727	-0.0402267247977	0.00897302089849		3	22
-0.00760726787086	0.0147117298329	-0.040007331171	0.00873795629847		3	22
-0.00801703550501	0.0147117298329	-0.0267923249695	0.010172143018		3	22
-0.0102539418682	0.0141152214694	-0.0267923249695	0.0294095377415		3	22
-0.00803519151046	0.0152064101699	-0.026501341316	0.0294095377415		3	22
-0.00736882511243	0.0137546833742	-0.0272153053139	0.029219147342		3	22
-0.00641724248788	0.012274443736	-0.0239904975308	0.030805118383		3	22
-0.00897578452493	0.0134257876527	-0.0257814769567	0.0347068949894		3	22
-0.0151829528478	0.00874113231466	-0.0236733820546	0.0314276362528		3	22
-0.0170934505591	0.00761606144023	-0.0245224921485	0.0318097357951		3	22
-0.0180986780523	0.00285445752532	-0.0273265477873	0.0296934673884		3	22
-0.0196429835728	0.00213880374752	-0.0307164867347	0.0276971700083		3	22
-0.0196186950685	0.00217092725326	-0.0307016002321	0.0277676850209		3	22
-0.0198890941557	0.00636211310572	-0.0251584189433	0.0303364763498		3	22
-0.0391701833124	0.00599485426464	-0.0194659069066	0.0378652825919		3	22
-0.00248523889584	0.0323778622355	-0.0189633734214	0.030076013572		3	22
-0.0121479734777	0.0398029109141	-0.0136234411525	0.0301777265676		3	22
-0.010819338223	0.04567362483	-0.0181346213195	0.0269333846667		3	22
-0.011821167581	0.0471095802431	-0.0117897020522	0.0220578151245		3	22
-0.00742577726966	0.0533887092593	-0.0207897869754	-0.0177100019782		3	22
-0.0236124237065	0.0555000109685	-0.0177736416767	-0.0220331435732		3	22
-0.0257956275906	0.0511605563346	-0.0172076258548	-0.021224549542		3	22
-0.0255873605133	0.0524582204315	-0.0146283182053	-0.0215609809746		3	22
-0.0264406398032	0.0532505512007	-0.00969148802845	-0.0117482691415		3	22
-0.0374601951609	0.0497443290414	-0.00643571030911	0.00853773049441		3	22
-0.0366322524873	0.0499311468754	-0.00637626827101	0.00848253431617		3	22
-0.0366386563499	0.0493067702759	-0.00651715324731	0.00843770727826		3	22
-0.0363478550845	0.0492236842001	-0.014618045641	0.00660981360994		3	22
-0.0369694434036	0.0493555362677	-0.0146557176603	0.0029367917241		3	22
-0.0365505503729	0.0502771009352	-0.0148512010746	0.00299264412819		3	22
-0.0479413638595	0.0577058923395	0.00149214001475	-0.000474125193799		3	22
-0.250927692367	0.0456731976084	0.009339549622	0.0167901759421		3	22
-0.408398536872	-0.0977509518466	0.000837602618226	0.0223349239881		3	22
-0.497822881401	-0.198530768697	-0.090952465311	0.0168937601675		3	22
-0.514648285848	-0.215267618384	-0.109814629244	-0.000285863321131		3	22
-0.497793454346	-0.195917660768	-0.0905665135103	0.0214064575856		3	22
-0.334384267798	0.0170289563473	0.153903923057	0.264590207644		3	22
-0.378849247803	0.0566573946673	0.205545706852	0.323876847651		3	22
-0.406743556593	0.0353440488087	0.22454075895	0.348630242315		3	22
-0.380889511782	0.0634593803382	0.246022982773	0.329484681434		3	22
-0.438638360937	-0.151843394229	0.0118890617429	0.15058879003		3	22
-0.149961919731	-0.0683269395401	0.323260191722	0.489193546538		3	22
1.25288742469	-0.792525140068	0.113743731192	-0.291938474786		3	22
-3.04390445218	0.959178232634	-0.790544698222	-0.553556510969		3	22
-2.68401660499	-2.25851725319	0.521235857216	-1.23074192757		3	22
0.277992494664	-1.43923814052	-6.80379810282	1.75550619909		3	22
-0.86190870438	1.72657837137	-5.92814672719	-6.07354249071		3	22
5.08631284459	-0.156311903121	-0.698846919395	-4.62714041621		3	22
-6.96897519561	7.7553266124	-3.20325047827	2.32827128592		3	22
-12.6064477172	-0.479271181187	2.20094731828	0.61758996903		3	22
-12.4835285911	0.0270718097584	2.94055728713	0.132199101848		3	22
-12.2989361899	0.300082419931	4.06517485744	1.77491635283		3	22
57.1600123497	-3.82653509191	-2.03805776511	-23.3662407571		3	22
42.6967449793	65.3140962755	-6.14576377246	-29.4415034234		3	22
50.7918568621	53.6981651834	49.3833769851	-32.7405387455		3	22
-38.1255291309	41.014297714	67.5838580457	-119.746657038		3	22
-131.536951651	-302.894302824	18.526060607	-49.3520778363		3	22
-57.9394763658	-331.874611789	-88.1694294136	-64.5719523287		3	22
-15.7963408636	199.429917936	-297.379994942	-834.813009231		3	22
-9.5122299273	189.654634257	-420.618392748	-786.285708112		3	22
679.090793414	81.4026305877	-252.226387041	1336.65636385		3	22
-0.368014855104	-335.186571805	-186.736381424	1234.78302178		3	22
-987.018961519	70.4426286124	61.9626464084	1195.68623138		3	22
-929.66790547	1341.25810229	-460.491486138	875.359601248		3	22
86.238333237	1529.30395234	3706.32936201	-837.692227903		3	22
605.228944108	1793.26817808	3755.18955729	244.978196841		3	22
353.163625264	-1865.8800338	1894.1072865	-99.5110722449		3	22
-74.6112861341	-1986.38000884	144.849315476	-989.202554637		3	22
15.4971254921	-1637.41470564	243.149400887	437.78701857		3	22
17.4190565995	-1636.74567898	245.740358645	438.516865826		3	22
26.7408495467	-1606.06144387	256.421579731	479.882322029		3	22
-9.86677951271	-1604.04634502	263.054613436	482.191289459		3	22
-1341.99253588	48.3201692819	172.098658521	182.794604528		3	22
-1299.50578033	-99.5421532453	355.506830987	172.698741823		3	22
-854.592235162	-258.608588864	909.089525244	-513.964287183		3	22
-1033.63781561	-15.4337019629	822.149123201	-211.394472154		3	22
54.9485814098	638.97661763	-66.6533541312	106.372077264		3	22
87.2234283663	328.779477437	-253.130247658	359.639973519		3	22
71.9533433416	322.771575133	-195.387631061	394.352297947		3	22
71.9533433416	376.154285853	-174.384597336	192.489807137		3	22
71.8349568973	376.154285853	-170.051653476	194.194571934		3	22
74.7572012895	376.326182582	-170.051653476	187.903151654		3	22
1.85698269528	367.371675962	-170.578389159	187.903151654		3	22
175.684227146	155.222728591	-196.637147146	186.370283538		3	22
147.336070009	-8.79160913097	3.53555427124	210.95797085		3	22
192.611615721	-0.419904452067	51.9718456277	151.84348475		3	22
191.056276612	-63.8298835061	40.2469815762	84.0067713095		3	22
191.056276612	-64.3067322477	20.8062251868	80.4120654111		3	22
193.890127181	-64.3067322477	20.327782883	60.9063407174		3	22
107.64106636	-52.7568580161	20.327782883	58.956361951		3	22
105.5756633	-25.7657952991	16.7133275279	58.956361951		3	22
105.66475873	-25.6569008848	15.2902755224	59.1469271761		3	22
96.4271443057	-26.3644628407	14.4254775763	70.4482639717		3	22
95.6382462219	-18.4754820027	15.0297399384	71.1868068587		3	22
88.6136132611	-16.7469073998	-2.25600609071	69.8627922692		3	22
89.6296652625	-23.4388360986	-0.609301122928	53.3957425914		3	22
85.4881592269	-22.8353000432	-4.58431445362	54.373887233		3	22
67.5091739107	-32.5312839942	-3.1713318678	45.0676915815		3	22
51.4545675019	-43.3813751386	-9.02273603509	45.9204087717		3	22
52.5172814492	-32.6361563381	-1.76085739524	49.8367064664		3	22
52.6809187761	-32.6681723369	-2.08457471572	49.6179304751		3	22
51.4186606487	-33.1602390645	-1.98830079075	50.5913668275		3	22
54.0284561256	-12.6298479792	6.0150720052	49.0254895414		3	22
46.1931780366	-11.284094109	16.6016691179	53.1524680768		3	22
47.5389083916	18.0976853079	11.5551802867	13.4534226052		3	22
45.7578675404	17.7529677238	4.02884636746	14.7461135455		3	22
45.0254780753	15.8609616056	3.66265163491	6.75086188472		3	22
40.374318869	16.6026747016	5.57874379964	7.12171843273		3	22
40.3666691765	16.6250296283	5.5751788944	7.11250909417		3	22
37.3627280312	17.8431632423	2.01539037181	7.6801830114		3	22
23.7525182946	23.2616479964	-0.181869193817	14.1013007711		3	22
26.1034112808	20.4581531829	0.934255700581	13.6486989439		3	22
21.2027499902	7.28300850708	16.645923557	7.39358352769		3	22
17.9868685477	4.48842157672	9.13283809096	16.3531134853		3	22
5.60511006785	-1.44342505901	3.97808926776	2.49486916166		3	22
5.55639577906	-1.96087905991	3.73018766482	2.27944375125		3	22
5.83031311842	-2.06028454597	2.6742805018	1.77358027775		3	22
5.28896748931	-1.72126001056	2.55124740427	0.46669537514		3	22
4.3447902014	-0.948751320451	2.06745408319	0.642265531983		3	22
-2.0117824029	-2.30766525176	3.17929275426	-0.0540374741411		3	22
-1.93596221248	0.757636732285	3.83459582859	-0.590194534954		3	22
-0.580031240538	0.590385334865	-2.92713923855	-2.0357244698		3	22
-0.553529529491	-0.161600716094	-2.83438324989	1.71426764335		3	22
-0.505791935992	-0.167662632729	-2.66237636538	1.69305093513		3	22
-0.526695450206	-0.177564297357	-2.66111901114	1.65737350861		3	22
-0.525266149541	-0.178491599739	-2.66155825963	1.6574292862		3	22
-0.456257933956	-0.317184582044	-2.57157695892	1.70005200759		3	22
-0.136838619309	-0.441538666372	-2.32164963257	1.53790403489		3	22
-0.0543032016342	-0.634612589861	-2.24648344862	1.38683474361		3	22
0.066116518681	-0.743378788855	-1.99204823312	1.28777981238		3	22
0.110777934798	-0.802927343678	-1.93826244166	1.1619594788		3	22
0.109725644964	-0.804052205225	-1.93676262627	1.16060480683		3	22
-0.0867104701132	-0.746315914645	-1.87504452254	1.07831400187		3	22
-0.0056867380835	-0.485630863767	-1.95166479088	0.9964095771		3	22
-0.517557414773	-0.395416108488	-1.66140862172	0.911097797652		3	22
-0.497643481326	-0.222164887499	-1.69194331967	0.81285572598		3	22
-0.374999768628	-0.144705700532	-1.01804839306	0.69408497263		3	22
-0.378785143513	-0.18066676194	-1.04076064237	0.496488403632		3	22
-0.377257821205	-0.179393993349	-1.02866934076	0.504125015176		3	22
-0.374692497137	-0.180676655383	-1.02973822578	0.493970607409		3	22
-0.376405056636	-0.179622772615	-1.03026516717	0.493531489589		3	22
-0.450624141848	-0.235287086524	-0.996010204762	0.476404008386		3	22
0.492437374433	-0.191147393593	-0.962905435064	0.456031842418		3	22
0.436642899874	0.42872921876	-0.933892308293	0.477791687496		3	22
0.238963377493	0.289518287506	0.612741137939	0.550181371748		3	22
0.228517245216	0.338963313618	0.647561578863	0.163326273085		3	22
