0.168548158214	0.0	0.142857142857	0.625	0.209910963216	1	-1	-1	-1	0
0.155287986033	-0.0192706211144	0.142857142857	0.875	0.193074916809	1	-1	-1	-1	0
0.204912576436	0.0	0.285714285714	0.458333333333	0.248745390773	1	-1	-1	-1	1
0.378172060582	0.251792950187	0.714285714286	0.541666666667	0.489234643403	1	-1	-1	-1	1
0.249309813972	-0.187271741005	1.0	0.458333333333	0.44320532422	1	-1	-1	-1	1
0.32210057365	0.105784685993	0.428571428571	0.458333333333	0.406313517403	1	-1	-1	-1	1
0.979608335555	0.955536835159	0.285714285714	0.25	1.0	1	-1	-1	-1	1
0.573006630946	-0.590902387017	0.428571428571	0.291666666667	0.677578918968	1	-1	-1	-1	1
0.393090399319	-0.261467006967	0.285714285714	0.333333333333	0.45032826693	1	-1	-1	-1	1
0.447680888942	0.0793347648604	0.571428571429	0.208333333333	0.721638636568	1	-1	-1	-1	1
0.653314183	0.298840863016	0.285714285714	0.333333333333	0.656174116377	1	-1	-1	-1	1
0.553263440352	-0.14540082342	0.285714285714	0.5	0.414407770483	1	-1	-1	-1	1
0.600099765208	0.0680658635783	0.142857142857	0.5	0.441424588542	1	-1	-1	-1	1
0.442112958296	-0.229597614233	0.285714285714	0.333333333333	0.495997841533	1	-1	-1	-1	1
0.417496753331	0.0	0.285714285714	0.416666666667	0.393569565608	1	-1	-1	-1	2
0.345717406449	-0.104314829304	0.428571428571	0.5	0.462001978595	1	-1	-1	-1	2
0.755318947649	0.595261961959	0.142857142857	0.5	0.688299307492	1	-1	-1	-1	2
0.876998099301	0.176832758806	0.285714285714	0.25	0.878136523069	1	-1	-1	-1	2
0.588076337585	0.0	0.142857142857	0.333333333333	0.347000629553	1	-1	-1	-1	3
0.386259922768	-0.293293903844	0.714285714286	0.541666666667	0.6709776059	1	-1	-1	-1	3
0.419836075443	0.0487952424639	0.571428571429	0.375	0.513715262164	1	-1	-1	-1	3
0.450985181426	0.0452680863616	0.142857142857	0.375	0.453907725515	1	-1	-1	-1	3
0.30036895926	-0.2188861586	0.142857142857	0.333333333333	0.337188596097	1	-1	-1	-1	3
0.246917169076	-0.0776799262072	0.285714285714	0.458333333333	0.277273136073	1	-1	-1	-1	3
0.394669441745	0.214724064404	0.142857142857	0.375	0.39652846479	1	-1	-1	-1	3
0.324214564	-0.102390016973	0.571428571429	0.5	0.686950265312	1	-1	-1	-1	3
0.446000361219	0.176987743695	0.285714285714	0.416666666667	0.434751326558	1	-1	-1	-1	3
0.284750543978	-0.234339651884	0.428571428571	0.375	0.474593038942	1	-1	-1	-1	3
0.184030686402	0.0	0.428571428571	0.458333333333	0.267919776958	1	-1	-1	-1	4
0.416187765001	0.337387104757	0.428571428571	0.333333333333	0.566309919957	1	-1	-1	-1	4
0.415313959389	-0.00126987618707	0.571428571429	0.375	0.642395898912	1	-1	-1	-1	4
0.351051404883	-0.0933908943878	0.142857142857	0.666666666667	0.41678208472	1	-1	-1	-1	4
0.217247340311	0.0	0.142857142857	0.833333333333	0.188775969062	1	-1	-1	-1	5
0.127751068606	-0.130062318924	0.0	0.833333333333	0.16026621099	1	-1	-1	-1	5
0.167586628022	0.0578918555441	0.142857142857	0.625	0.174386185808	1	-1	-1	-1	5
0.304385368916	0.0	0.571428571429	0.416666666667	0.379620469467	1	-1	-1	-1	6
0.311897001023	0.0109164356475	0.0	0.916666666667	0.33481428186	1	-1	-1	-1	6
1.0	1.0	0.285714285714	0.333333333333	0.63993164853	1	-1	-1	-1	6
0.706865738392	-0.426003464662	0.285714285714	0.416666666667	0.767335192014	1	-1	-1	-1	6
0.696428233554	-0.0151685210692	0.285714285714	0.5	0.665527475492	1	-1	-1	-1	6
0.718514186441	0.0320968705551	0.285714285714	0.5	0.726054501304	1	-1	-1	-1	6
0.471526493683	-0.35894000335	0.571428571429	0.125	0.545282849177	1	-1	-1	-1	6
0.338890370077	-0.19275620627	0.142857142857	0.541666666667	0.473855562551	1	-1	-1	-1	6
0.57712280581	0.0	0.571428571429	0.208333333333	0.684414066013	1	-1	-1	-1	7
0.595457242868	0.026644902122	0.142857142857	0.583333333333	0.531000989298	1	-1	-1	-1	7
0.324493218546	-0.39378410605	0.285714285714	0.458333333333	0.296861228528	1	-1	-1	-1	7
0.26096858256	-0.0923184989464	0.428571428571	0.333333333333	0.32574871841	1	-1	-1	-1	7
0.344460020813	0.0	0.428571428571	0.541666666667	0.394927601403	1	-1	-1	-1	8
0.535269581072	0.277297963449	0.285714285714	0.458333333333	0.558593398687	1	-1	-1	-1	8
0.358860612524	-0.256370003925	0.428571428571	0.25	0.629283208922	1	-1	-1	-1	8
0.39544176206	0.0531623166741	0.428571428571	0.291666666667	0.378091554996	1	-1	-1	-1	8
0.413263612361	0.0258999747525	0.142857142857	0.458333333333	0.426747009623	1	-1	-1	-1	8
0.571357064839	0.229752599122	0.142857142857	0.458333333333	0.364583145966	1	-1	-1	-1	8
0.627344267371	0.0813645669547	0.428571428571	0.375	0.765446532962	1	-1	-1	-1	8
0.575313271353	-0.0756151275251	0.428571428571	0.208333333333	0.560751866175	1	-1	-1	-1	8
0.557438098269	-0.0259774671969	0.285714285714	0.25	0.625685763108	1	-1	-1	-1	8
0.426712994418	-0.18997897705	0.428571428571	0.291666666667	0.500890367839	1	-1	-1	-1	8
0.31289809328	-0.165403873122	0.428571428571	0.541666666667	0.409299397428	1	-1	-1	-1	8
0.49727451773	0.267948874985	0.142857142857	0.541666666667	0.333573163054	1	-1	-1	-1	8
0.471356204794	-0.0376663275331	0.571428571429	0.291666666667	0.708337080673	1	-1	-1	-1	8
0.6105785522	0.202327773042	0.428571428571	0.541666666667	0.618113139671	1	-1	-1	-1	8
0.277809981681	-0.483602848722	0.285714285714	0.583333333333	0.42314956381	1	-1	-1	-1	8
0.379207554634	0.147358132582	0.142857142857	0.25	0.398507059987	1	-1	-1	-1	8
0.263139335873	0.0	0.0	0.625	0.301555895314	1	-1	-1	-1	9
0.362245749228	0.144028457225	0.714285714286	0.208333333333	0.626567137332	1	-1	-1	-1	9
0.512395827062	0.0	0.142857142857	0.625	0.432062235813	1	-1	-1	-1	10
0.417894094072	-0.137336609681	0.285714285714	0.25	0.533429265222	1	-1	-1	-1	10
0.422471252999	0.00665185144448	0.142857142857	0.708333333333	0.367569025992	1	-1	-1	-1	10
0.154154446862	0.0	0.285714285714	0.583333333333	0.270707797464	1	-1	-1	-1	11
0.297259036922	0.207969722952	0.142857142857	0.333333333333	0.268999010702	1	-1	-1	-1	11
0.45437719849	0.228335237314	0.428571428571	0.375	0.4725245076	1	-1	-1	-1	11
0.754718636313	0.436477443449	0.142857142857	0.333333333333	0.726594118176	1	-1	-1	-1	11
0.298760675307	0.0	0.142857142857	0.416666666667	0.37260545013	1	-1	-1	-1	12
0.194026128164	-0.152207659753	0.428571428571	0.375	0.306952064035	1	-1	-1	-1	12
0.337491937079	0.0	0.428571428571	0.541666666667	0.301286086878	1	-1	-1	-1	13
0.440559717217	0.149785395924	0.142857142857	0.458333333333	0.36296429535	1	-1	-1	-1	13
0.285103162385	-0.225920472754	0.142857142857	0.791666666667	0.305522079324	1	-1	-1	-1	13
0.319811134141	0.0	0.142857142857	0.666666666667	0.204505800881	1	-1	-1	-1	14
0.494352085179	0.253655268611	0.142857142857	0.5	0.33519201367	1	-1	-1	-1	14
0.364359739578	0.0	0.285714285714	0.583333333333	0.443061426387	1	-1	-1	-1	15
0.347919121378	-0.0238926704646	0.142857142857	0.666666666667	0.379224750427	1	-1	-1	-1	15
0.152209025311	-0.284419769073	0.571428571429	0.291666666667	0.338969331774	1	-1	-1	-1	15
0.507097950513	0.515749714403	0.428571428571	0.5	0.710495548161	1	-1	-1	-1	15
0.234584125291	0.0	0.571428571429	0.375	0.444905117367	1	-1	-1	-1	16
0.219099877014	-0.0225028059764	0.428571428571	0.625	0.326180411908	1	-1	-1	-1	16
0.329011894421	0.159731926137	0.714285714286	0.333333333333	0.55661480349	1	-1	-1	-1	16
0.709776130314	0.553353548029	0.142857142857	0.375	0.675069700513	1	-1	-1	-1	16
0.395825342083	-0.456255515087	0.142857142857	0.416666666667	0.383667596007	1	-1	-1	-1	16
0.423725198455	0.0	0.428571428571	0.208333333333	0.588002518212	1	-1	-1	-1	17
0.498545664084	0.108734398396	0.285714285714	0.291666666667	0.597985430344	1	-1	-1	-1	17
0.362366155513	-0.197905704194	0.428571428571	0.208333333333	0.488982822196	1	-1	-1	-1	17
0.273905377861	-0.128557465647	0.714285714286	0.25	0.407230866085	1	-1	-1	-1	17
0.331490543806	0.083686840533	0.428571428571	0.541666666667	0.483154959978	1	-1	-1	-1	17
0.260005332278	-0.103887370981	0.142857142857	0.541666666667	0.255850346254	1	-1	-1	-1	17
0.474552131621	0.311794600026	0.428571428571	0.333333333333	0.56084180232	1	-1	-1	-1	17
0.695428861387	0.320993703114	0.285714285714	0.291666666667	0.944599334473	1	-1	-1	-1	17
0.171143773705	-0.761928211999	0.571428571429	0.625	0.419021494739	1	-1	-1	-1	17
0.802318681035	0.917268066364	0.142857142857	0.291666666667	0.621908445004	1	-1	-1	-1	17
0.400641593491	-0.583745584805	0.142857142857	0.458333333333	0.537548340678	1	-1	-1	-1	17
0.451143429687	0.0733928441977	0.285714285714	0.25	0.449338969332	1	-1	-1	-1	17
0.267812819829	-0.26642902317	0.0	0.666666666667	0.168288515154	1	-1	-1	-1	17
0.258061630817	0.0	0.428571428571	0.291666666667	0.354330425398	1	-1	-1	-1	18
0.459344817799	0.2925189794	0.285714285714	0.166666666667	0.65689360554	1	-1	-1	-1	18
0.363953798388	-0.138628983674	0.428571428571	0.458333333333	0.450759960428	1	-1	-1	-1	18
0.135128533709	0.0	0.857142857143	0.5	0.283919417214	1	-1	-1	-1	19
0.312848210677	0.258274818205	0.142857142857	0.875	0.25786491591	1	-1	-1	-1	19
0.218587290257	-0.136986643802	0.428571428571	0.458333333333	0.308229157298	1	-1	-1	-1	19
0.298261849269	0.115788710601	0.571428571429	0.458333333333	0.305063404982	1	-1	-1	-1	19
0.361712521394	0.0	0.428571428571	0.333333333333	0.597158017807	1	-1	-1	-1	20
0.204104134236	-0.229047667852	0.428571428571	0.416666666667	0.288766975447	1	-1	-1	-1	20
0.235580057279	0.0	0.428571428571	0.416666666667	0.324561561291	1	-1	-1	-1	21
0.264616893002	0.0421983856574	0.285714285714	0.291666666667	0.363521899451	1	-1	-1	-1	21
0.64452968445	0.552116168674	0.285714285714	0.291666666667	0.706880115118	1	-1	-1	-1	21
0.441098105321	-0.295641174985	0.142857142857	0.5	0.47647270438	1	-1	-1	-1	21
0.593049117164	0.220825969468	0.571428571429	0.333333333333	0.661750157388	1	-1	-1	-1	21
0.449536865824	-0.208562165189	0.142857142857	0.458333333333	0.54078604191	1	-1	-1	-1	21
0.41123390641	-0.0556645727042	0.285714285714	0.625	0.428626675061	1	-1	-1	-1	21
0.501691708307	0.131459682681	0.428571428571	0.375	0.767317204785	1	-1	-1	-1	21
0.571001006253	0.100725179295	0.285714285714	0.208333333333	0.561741163774	1	-1	-1	-1	21
0.806634386315	0.342439112187	0.142857142857	0.25	0.695206403454	1	-1	-1	-1	21
0.176613659233	-0.915590729904	0.428571428571	0.541666666667	0.361183559673	1	-1	-1	-1	21
0.207305221333	0.0446031511928	0.428571428571	0.458333333333	0.258116737117	1	-1	-1	-1	21
0.203605308197	-0.00537697574486	0.428571428571	0.458333333333	0.351812213329	1	-1	-1	-1	21
0.433939091621	0.334737363107	0.571428571429	0.333333333333	0.87310009893	1	-1	-1	-1	21
0.400706956903	-0.0482952912091	0.142857142857	0.291666666667	0.392301465959	1	-1	-1	-1	21
0.245525616437	-0.22552051175	0.428571428571	0.583333333333	0.412986779387	1	-1	-1	-1	21
0.331165446836	0.124457865358	0.428571428571	0.291666666667	0.447342386905	1	-1	-1	-1	21
0.236644792858	-0.137364107	0.285714285714	0.666666666667	0.397769583596	1	-1	-1	-1	21
0.384973295606	0.215561482755	0.142857142857	0.583333333333	0.346434031837	1	-1	-1	-1	21
0.912961736603	0.767310187257	0.428571428571	0.333333333333	0.981662019966	1	-1	-1	-1	21
0.460309788171	0.0	0.142857142857	0.458333333333	0.681608058279	1	-1	-1	-1	22
0.814336948389	0.51449733651	0.285714285714	0.25	0.872740354348	1	-1	-1	-1	22
0.67065784834	-0.208804641547	0.142857142857	0.708333333333	0.574979764367	1	-1	-1	-1	22
0.557840599279	-0.163954014484	0.285714285714	0.166666666667	0.546721827502	1	-1	-1	-1	22
0.19796513378	0.0	0.428571428571	0.583333333333	0.299577300117	1	-1	-1	-1	23
0.479886130056	0.409707553514	0.428571428571	0.208333333333	0.777318104146	1	-1	-1	-1	23
0.242510299038	-0.344971365292	0.714285714286	0.375	0.500062955302	1	-1	-1	-1	23
0.284827948019	0.0614990038471	0.285714285714	0.416666666667	0.413166651677	1	-1	-1	-1	23
0.334830958176	0.0	0.428571428571	0.416666666667	0.469916359385	1	-1	-1	-1	24
0.710892468587	0.546519214377	0.571428571429	0.375	0.947756093174	1	-1	-1	-1	24
0.641586610821	0.0	0.142857142857	0.375	0.63104595737	1	-1	-1	-1	25
0.331026119563	-0.451328495472	0.428571428571	0.541666666667	0.416638186887	1	-1	-1	-1	25
0.252182363919	-0.11458132832	0.285714285714	0.583333333333	0.26711035165	1	-1	-1	-1	25
0.248327642703	0.0	0.142857142857	0.5	0.293272776329	1	-1	-1	-1	26
0.251595813301	0.00474953692015	0.285714285714	0.333333333333	0.443115388074	1	-1	-1	-1	26
0.187109647124	-0.0937158627034	0.714285714286	0.375	0.418203075816	1	-1	-1	-1	26
0.517291202601	0.0	0.142857142857	0.458333333333	0.515253170249	1	-1	-1	-1	27
0.466847849458	-0.0733078524844	0.142857142857	0.625	0.36431333753	1	-1	-1	-1	27
0.141234852459	0.0	0.571428571429	0.708333333333	0.267398147315	1	-1	-1	-1	28
0.393726832541	0.366939223426	0.142857142857	0.333333333333	0.455436639986	1	-1	-1	-1	28
0.157902522512	-0.342716585133	0.857142857143	0.291666666667	0.35120064754	1	-1	-1	-1	28
0.267436120165	0.159181979757	0.714285714286	0.375	0.626153431064	1	-1	-1	-1	28
0.633261376244	0.531643164791	0.428571428571	0.375	0.561201546902	1	-1	-1	-1	28
0.280957745994	0.0	0.571428571429	0.375	0.417303714363	1	-1	-1	-1	29
0.311090278913	0.0437907304038	0.571428571429	0.458333333333	0.554474323231	1	-1	-1	-1	29
0.726787818324	0.604121098193	0.428571428571	0.25	0.796744311539	1	-1	-1	-1	29
0.345079253137	-0.554725914223	0.714285714286	0.291666666667	0.624948286716	1	-1	-1	-1	29
0.37330248639	0.0410160009399	0.428571428571	0.416666666667	0.42420181671	1	-1	-1	-1	29
0.489018086744	0.168166103805	0.428571428571	0.541666666667	0.631711484846	1	-1	-1	-1	29
0.286647803015	-0.294098825365	0.142857142857	0.5	0.315208202176	1	-1	-1	-1	29
0.578086056092	0.423538704976	0.142857142857	0.333333333333	0.488964834967	1	-1	-1	-1	29
0.268487095026	-0.449931131715	0.142857142857	0.5	0.516413346524	1	-1	-1	-1	29
0.322339666131	0.078262369419	0.285714285714	0.583333333333	0.433384297149	1	-1	-1	-1	29
0.249579868069	0.0	0.571428571429	0.625	0.335174026441	1	-1	-1	-1	30
0.365035734865	0.167788640608	0.428571428571	0.416666666667	0.395269358755	1	-1	-1	-1	30
0.276052049917	-0.129317391554	0.0	0.625	0.204694666787	1	-1	-1	-1	30
0.275176524215	0.0	0.285714285714	0.666666666667	0.312546092274	1	-1	-1	-1	31
0.330704462773	0.0806971320296	0.428571428571	0.333333333333	0.515064304344	1	-1	-1	-1	31
0.345679564473	0.0217628781194	0.142857142857	0.708333333333	0.274808885691	1	-1	-1	-1	31
0.33707739544	-0.0125012811251	0.0	0.625	0.420199658243	1	-1	-1	-1	31
0.128074445486	-0.303737885556	0.285714285714	0.708333333333	0.170428995413	1	-1	-1	-1	31
0.174549551487	0.0	0.142857142857	0.791666666667	0.207356776689	1	-1	-1	-1	32
0.241256353582	0.0969430480528	0.142857142857	0.416666666667	0.2792697185	1	-1	-1	-1	32
0.153705503427	-0.127235094578	0.428571428571	0.666666666667	0.248565518482	1	-1	-1	-1	32
0.435265280848	0.0	0.142857142857	0.708333333333	0.252198938753	-1	1	-1	-1	33
0.367063720726	-0.0991153362547	0.0	0.708333333333	0.202068531343	-1	1	-1	-1	33
0.414312867132	0.068665805084	0.142857142857	0.875	0.22420181671	-1	1	-1	-1	33
0.281747267207	-0.192653716263	0.142857142857	0.583333333333	0.186275744222	-1	1	-1	-1	33
0.498050278225	0.314346851182	0.142857142857	0.291666666667	0.293101897653	-1	1	-1	-1	33
0.28798947305	0.0	0.142857142857	0.458333333333	0.247882003777	-1	1	-1	-1	34
0.318128886328	0.0438007294289	0.142857142857	0.5	0.205513085709	-1	1	-1	-1	34
0.290469842526	-0.0401960808821	0.285714285714	0.541666666667	0.281212339239	-1	1	-1	-1	34
0.200767160046	0.0	0.142857142857	0.916666666667	0.262775429445	-1	1	-1	-1	35
0.395723856785	0.283324875825	0.142857142857	0.291666666667	0.278712114399	-1	1	-1	-1	35
0.406744472061	0.016015938446	0.0	0.875	0.212950804929	-1	1	-1	-1	35
0.172248071349	-0.34078677329	0.142857142857	0.916666666667	0.184818778667	-1	1	-1	-1	35
0.311551262976	0.202445261587	0.142857142857	0.458333333333	0.297023113589	-1	1	-1	-1	35
0.230626198688	-0.117606033412	0.142857142857	0.5	0.191186257757	-1	1	-1	-1	35
0.130209076914	-0.145933271506	0.285714285714	0.791666666667	0.194621818509	-1	1	-1	-1	35
0.149331315095	0.0277897904954	1.0	0.5	0.312258296609	-1	1	-1	-1	35
0.291792591573	0.0	0.142857142857	0.708333333333	0.222591959709	-1	1	-1	-1	36
0.177513266192	-0.166078807316	0.285714285714	0.666666666667	0.235722636928	-1	1	-1	-1	36
0.275162763496	0.141911163662	0.142857142857	0.541666666667	0.174835866535	-1	1	-1	-1	36
0.144466901172	-0.189936481193	0.285714285714	0.791666666667	0.223581257307	-1	1	-1	-1	36
0.172867303673	0.0412734758361	0.0	0.916666666667	0.162172857271	-1	1	-1	-1	36
0.379032105476	0.0	0.0	0.666666666667	0.192913031747	-1	1	-1	-1	37
0.288715350941	-0.131254702666	0.142857142857	0.416666666667	0.213958089756	-1	1	-1	-1	37
0.232470134941	-0.0817395303958	0.0	0.708333333333	0.255868333483	-1	1	-1	-1	37
0.276808889424	0.0644362174688	0.142857142857	0.291666666667	0.198408130228	-1	1	-1	-1	37
0.329249266812	0.0762100695182	0.285714285714	0.416666666667	0.27724615523	-1	1	-1	-1	37
0.769048704342	0.639147683101	0.0	0.625	0.32015469017	-1	1	-1	-1	37
0.424494078591	0.0	0.0	0.791666666667	0.248745390773	-1	1	-1	-1	38
0.198512122333	-0.328412979734	0.428571428571	0.666666666667	0.230956021225	-1	1	-1	-1	38
0.350275644389	0.220553496034	0.285714285714	0.333333333333	0.28139221153	-1	1	-1	-1	38
0.420952413716	0.0	0.142857142857	0.791666666667	0.216134544473	-1	1	-1	-1	39
0.221838259957	-0.289366786738	0.0	0.666666666667	0.157028509758	-1	1	-1	-1	39
0.162268110395	0.0	0.285714285714	0.666666666667	0.189873190035	-1	1	-1	-1	40
0.178562520964	0.0236801911814	0.142857142857	0.416666666667	0.17492580268	-1	1	-1	-1	40
0.110944071281	-0.0982679188779	0.428571428571	0.75	0.218185088587	-1	1	-1	-1	40
0.314793632228	0.0	0.0	0.833333333333	0.198938753485	-1	1	-1	-1	41
0.158265461457	-0.227477820912	0.571428571429	0.583333333333	0.224570554906	-1	1	-1	-1	41
0.361645437892	0.0	0.142857142857	0.625	0.257019516144	-1	1	-1	-1	42
0.415243435707	0.0778924054905	0.142857142857	0.666666666667	0.273136073388	-1	1	-1	-1	42
0.189381885734	-0.328237996795	0.142857142857	0.625	0.222322151273	-1	1	-1	-1	42
0.2452624427	0.0812095820657	0.285714285714	0.416666666667	0.262595557154	-1	1	-1	-1	42
0.444435079511	0.0	0.142857142857	0.333333333333	0.313517402644	-1	1	-1	-1	43
0.172175827578	-0.395666422524	0.0	0.916666666667	0.167164313338	-1	1	-1	-1	43
0.130224557722	-0.0609665557608	0.285714285714	0.875	0.200737476392	-1	1	-1	-1	43
0.331079442347	0.0	0.142857142857	0.625	0.232844680277	-1	1	-1	-1	44
0.265781393789	-0.0948957476646	0.285714285714	0.416666666667	0.250382228618	-1	1	-1	-1	44
0.184324821756	0.0	0.0	0.875	0.206763198129	-1	1	-1	-1	45
0.208920385644	0.0357440149585	0.142857142857	0.5	0.198471085529	-1	1	-1	-1	45
0.478747430616	0.0	0.0	0.583333333333	0.235326917888	-1	1	-1	-1	46
0.406245646023	-0.105364726939	0.142857142857	0.708333333333	0.293659501754	-1	1	-1	-1	46
0.517172516405	0.161206782339	0.0	0.666666666667	0.201618850616	-1	1	-1	-1	46
0.255562340354	0.0	0.0	0.833333333333	0.282489432503	-1	1	-1	-1	47
0.27431475923	0.0272523428966	0.142857142857	0.708333333333	0.275006745211	-1	1	-1	-1	47
0.185372356437	0.0	0.285714285714	0.375	0.258098749888	-1	1	-1	-1	48
0.324524180162	0.202225283035	0.285714285714	0.333333333333	0.282219624067	-1	1	-1	-1	48
0.292533950272	-0.0464904671795	0.285714285714	0.333333333333	0.271876967353	-1	1	-1	-1	48
0.152759454044	-0.203130194806	0.0	0.916666666667	0.136864825974	-1	1	-1	-1	48
0.189070549483	0.0	0.285714285714	0.5	0.201627844231	-1	1	-1	-1	49
0.354642952362	0.2406215394	0.142857142857	0.5	0.348862307761	-1	1	-1	-1	49
0.160793993446	-0.281715032784	0.285714285714	0.583333333333	0.206583325839	-1	1	-1	-1	49
0.238552372434	0.113003982112	0.285714285714	0.708333333333	0.222897742603	-1	1	-1	-1	49
0.185802378884	-0.0766600256475	0.285714285714	0.791666666667	0.230686212789	-1	1	-1	-1	49
0.222973519218	0.0	0.428571428571	0.458333333333	0.254231495638	-1	-1	1	-1	50
0.247636166608	0.0358415054532	0.142857142857	0.625	0.237701232125	-1	-1	1	-1	50
0.191408151506	-0.081714532833	0.571428571429	0.541666666667	0.243079413616	-1	-1	1	-1	50
0.143813267053	0.0	0.285714285714	0.5	0.208301106215	-1	-1	-1	1	51
0.17981646642	0.0523223985661	0.714285714286	0.666666666667	0.287705728932	-1	-1	-1	1	51
0.3737892718	0.281895015236	0.285714285714	0.291666666667	0.356147135534	-1	-1	-1	1	51
0.300786941078	-0.106092156015	0.285714285714	0.458333333333	0.243457145427	-1	-1	-1	1	51
0.378261505251	0.112591522327	0.142857142857	0.166666666667	0.286716431334	-1	-1	-1	1	51
0.232435733145	0.0	0.142857142857	0.5	0.182570375034	-1	-1	-1	1	52
0.155599322285	-0.111664112749	0.142857142857	0.708333333333	0.243637017717	-1	-1	-1	1	52
0.220405425163	0.0941808173703	0.142857142857	0.625	0.182930119615	-1	-1	-1	1	52
0.180796917599	-0.0575618877159	0.428571428571	0.666666666667	0.223500314777	-1	-1	-1	1	52
0.237112657281	0.0	0.0	0.75	0.189225649789	-1	-1	-1	1	53
0.206923361399	-0.0438732223608	0.142857142857	0.791666666667	0.219911862578	-1	-1	-1	1	53
0.274818745539	0.0	0.142857142857	0.625	0.286806367479	-1	-1	-1	1	54
0.286943658459	0.0176207819738	0.285714285714	0.708333333333	0.241568486375	-1	-1	-1	1	54
0.275228126908	0.0	0.0	0.791666666667	0.254879035885	-1	-1	-1	1	55
0.330131672873	0.0797897205023	0.285714285714	0.375	0.357199388434	-1	-1	-1	1	55
0.323738099129	0.0	0.0	0.458333333333	0.171328356867	-1	-1	-1	1	56
0.128731519785	-0.283397368757	0.285714285714	0.791666666667	0.216026621099	-1	-1	-1	1	56
0.325781565798	0.28636707921	0.142857142857	0.458333333333	0.226549150103	-1	-1	-1	1	56
0.328535429549	0.0040021097943	0.0	0.541666666667	0.296789279611	-1	-1	-1	1	56
0.292155530519	-0.0528698451901	0.142857142857	0.333333333333	0.244266570735	-1	-1	-1	1	56
0.286185098862	0.0	0.0	0.541666666667	0.211871571184	-1	-1	-1	1	57
0.140221719574	-0.212124317879	0.142857142857	0.625	0.212878856012	-1	-1	-1	1	57
0.338892090167	0.28872184962	0.0	0.458333333333	0.224120874179	-1	-1	-1	1	57
0.261448487611	0.0	0.0	0.416666666667	0.222412087418	-1	-1	-1	1	58
0.348094570537	0.125920222778	0.142857142857	0.5	0.276553646911	-1	-1	-1	1	58
0.273974181452	-0.107716997593	0.142857142857	0.541666666667	0.210360643943	-1	-1	-1	1	58
0.175946264395	-0.142461110042	0.142857142857	0.583333333333	0.198857810954	-1	-1	-1	1	58
0.22596475536	0.0	0.142857142857	0.791666666667	0.169871391312	-1	-1	-1	1	59
0.13040000688	-0.138881459058	0.0	1.0	0.169889378541	-1	-1	-1	1	59
0.172765818376	0.0615689970228	0.0	0.916666666667	0.166201996582	-1	-1	-1	1	59
0.184925133092	0.0	0.428571428571	0.416666666667	0.229966723626	-1	-1	-1	1	60
0.123588451317	-0.0891388089661	0.571428571429	0.75	0.239949635759	-1	-1	-1	1	60
0.235428689378	0.16253415292	0.0	0.625	0.241838294811	-1	-1	-1	1	60
0.308821480481	0.0	0.285714285714	0.208333333333	0.234283658602	-1	-1	-1	1	61
0.23174253696	-0.112016578384	0.142857142857	0.5	0.212231315766	-1	-1	-1	1	61
0.264290075942	0.0473003882121	0.285714285714	0.416666666667	0.273315945679	-1	-1	-1	1	61
0.230406027195	-0.0492426988369	0.571428571429	0.5	0.206223581257	-1	-1	-1	1	61
