0.183363512065	0.0	0.821428571429	0.966666666667	0.172724010662	-1	-1	0
0.31480728724	0.155490470362	0.714285714286	0.833333333333	0.315127127332	-1	-1	0
0.247551827353	-0.0795593635251	0.714285714286	0.766666666667	0.222421570638	-1	-1	0
0.295813162854	0.0570904004197	0.821428571429	0.866666666667	0.299697559975	-1	-1	0
0.212778537379	0.0	0.821428571429	0.9	0.227163215091	-1	-1	1
0.253094859761	0.0476919041791	0.714285714286	0.933333333333	0.26783883535	-1	-1	1
0.177229222867	-0.0897447106137	0.678571428571	0.8	0.183283781013	-1	-1	1
0.2054617346	0.0	0.785714285714	0.9	0.233878408858	-1	-1	2
0.25619895791	0.0600192341318	0.678571428571	0.8	0.247847037113	-1	-1	2
0.251727578434	-0.00528938625634	0.857142857143	0.866666666667	0.278347344679	-1	-1	2
0.117734008352	-0.158506731946	0.964285714286	0.933333333333	0.14376153373	-1	-1	2
0.217767266546	0.0	0.892857142857	0.866666666667	0.246744925159	-1	-1	3
0.228816377813	0.0130704668648	0.785714285714	0.866666666667	0.231289727291	-1	-1	3
0.238867743247	0.0118901905928	0.75	0.8	0.224933360673	-1	-1	3
0.414655777687	0.0	0.964285714286	0.866666666667	0.480008201763	-1	-1	4
0.238017811611	-0.208952614093	0.821428571429	0.933333333333	0.258458068485	-1	-1	4
0.194080041388	-0.0519758699073	0.535714285714	0.9	0.187000205044	-1	-1	4
0.256753261151	0.0741388354607	0.821428571429	0.966666666667	0.259355136354	-1	-1	4
0.141569047707	0.0	0.714285714286	0.833333333333	0.134201353291	-1	1	5
0.502863900078	0.427391152299	0.785714285714	0.9	0.536907935206	-1	1	5
0.323491371346	-0.212187445358	0.75	0.733333333333	0.280397785524	-1	1	5
0.253649163002	-0.0826193390453	0.785714285714	0.933333333333	0.269735493131	-1	1	5
0.143342818078	0.0	0.75	0.8	0.158729751897	-1	1	6
0.116145005728	-0.0321734568981	0.607142857143	0.733333333333	0.122155013328	-1	1	6
0.478105021987	0.428178003147	0.714285714286	0.933333333333	0.45237851138	-1	1	6
0.132441521008	0.0	0.75	0.7	0.123513430388	-1	1	7
0.142382025794	0.0117590487848	0.75	0.866666666667	0.138225343449	-1	1	7
0.153061601567	0.0126333275048	0.714285714286	0.966666666667	0.153475497232	-1	1	7
0.186061121171	0.0390365448505	0.642857142857	0.866666666667	0.15796083658	-1	1	7
0.16921030265	0.0	0.821428571429	0.866666666667	0.166854623744	-1	1	8
0.153652858357	-0.0184035670572	0.642857142857	0.7	0.138148451917	-1	1	8
0.0996267691512	-0.0639097744361	0.785714285714	0.866666666667	0.106059052696	-1	1	8
0.432541295591	0.0	0.857142857143	0.9	0.467090424441	-1	1	9
0.170503676878	-0.309975520196	0.821428571429	0.9	0.184437153988	-1	1	9
0.159232844315	-0.0133327504809	0.785714285714	0.8	0.13966065204	-1	1	9
0.138280181811	-0.0247858017136	0.678571428571	0.7	0.120668443715	-1	1	9
0.164849783822	0.0	0.928571428571	0.933333333333	0.188717449252	1	-1	10
0.398137541111	0.275966077986	0.821428571429	0.866666666667	0.425850932951	1	-1	10
0.407449835557	0.0110159118727	0.5	0.766666666667	0.369233135124	1	-1	10
0.363659879531	-0.0518010141633	0.714285714286	0.733333333333	0.326840270658	1	-1	10
0.546173459961	0.0	0.607142857143	0.833333333333	0.513174082428	1	-1	11
0.44473596689	-0.119994754328	0.714285714286	0.866666666667	0.403962476933	1	-1	11
0.381175861942	-0.0751879699248	0.75	0.933333333333	0.353111543982	1	-1	11
0.15102915635	0.0	0.678571428571	0.933333333333	0.134124461759	1	-1	12
0.48457189313	0.394561986361	0.75	0.8	0.442792700431	1	-1	12
0.420087949448	-0.0762808183249	0.785714285714	0.766666666667	0.435334221858	1	-1	12
0.256014190163	-0.194089875852	0.678571428571	0.7	0.270222472832	1	-1	12
0.157643841691	0.0	0.642857142857	0.933333333333	0.155064588887	1	-1	13
0.573666900706	0.492131491519	0.714285714286	0.7	0.522708632356	1	-1	13
0.37282435978	-0.237585242175	0.714285714286	0.866666666667	0.415675620258	1	-1	13
0.132884963601	0.0	0.857142857143	0.9	0.152347754767	1	-1	14
0.121355456192	-0.0136387480329	0.857142857143	0.933333333333	0.140429567357	1	-1	14
0.430952292968	0.366235355831	0.714285714286	0.833333333333	0.453326840271	1	-1	14
0.348730645579	-0.0972635076062	0.607142857143	0.833333333333	0.333478572893	1	-1	14
0.154650604191	0.0	0.964285714286	0.933333333333	0.149092679926	1	1	15
1.0	1.0	0.678571428571	0.8	1.0	1	1	15
0.474631388345	-0.621481028152	0.75	0.933333333333	0.486928439615	1	1	15
0.187502309597	-0.339657282742	0.642857142857	0.933333333333	0.185052286242	1	1	15
0.465984257788	0.0	0.964285714286	1.0	0.553080787369	1	1	16
0.370496286168	-0.112956810631	0.821428571429	0.866666666667	0.395991388148	1	1	16
0.183770001109	-0.220886518622	1.0	0.933333333333	0.222395940127	1	1	16
0.436901814419	0.0	0.785714285714	0.966666666667	0.46978162805	1	1	17
0.21632607812	-0.260928484001	0.642857142857	0.7	0.195330120976	1	1	17
0.135582572706	-0.0955149501661	0.928571428571	1.0	0.152527168341	1	1	17
0.162226081815	0.031517747858	0.892857142857	0.933333333333	0.183053106418	1	1	17
0.492960348842	0.0	0.785714285714	0.766666666667	0.485288086939	1	1	18
0.260042127046	-0.275528938626	0.785714285714	0.8	0.253639532499	1	1	18
0.146077380732	-0.134813778633	0.678571428571	0.8	0.127665573098	1	1	18
0.918739144895	0.0	0.714285714286	0.9	0.982904449457	1	1	19
0.406230368427	-0.606268578423	0.678571428571	0.766666666667	0.422365183514	1	1	19
0.441188426148	0.0413533834586	0.607142857143	0.733333333333	0.401399425877	1	1	19
0.236465762536	-0.242175205455	0.821428571429	0.9	0.253126922288	1	1	19
