0.285233036622	0.0	0.285714285714	0.3	0.352937726073	1	-1	-1	-1	0
0.408252840248	0.178577545964	0.142857142857	0.6	0.264541988464	1	-1	-1	-1	0
0.334660665971	-0.106827596023	0.142857142857	0.55	0.317430833904	1	-1	-1	-1	0
0.240812819507	0.0	0.142857142857	0.8	0.22964121615	1	-1	-1	-1	1
0.319753102834	0.114590998024	0.428571428571	0.35	0.36319288298	1	-1	-1	-1	1
0.279218491361	-0.0588407006844	0.428571428571	0.35	0.386841333464	1	-1	-1	-1	1
0.496917109296	0.316014851306	0.428571428571	0.2	0.56339818164	1	-1	-1	-1	1
0.146030965186	-0.509352028545	0.285714285714	0.75	0.216267474826	1	-1	-1	-1	1
0.25473485478	0.0	0.142857142857	0.55	0.26008407469	1	-1	-1	-1	2
0.128532444309	-0.183197469777	0.428571428571	0.65	0.255176459087	1	-1	-1	-1	2
0.166173625745	0.0546405506274	0.428571428571	0.65	0.31850620784	1	-1	-1	-1	2
0.308355547874	0.0	0.142857142857	0.55	0.214585981034	1	-1	-1	-1	3
0.249140779248	-0.085957120352	0.285714285714	0.35	0.266008407469	1	-1	-1	-1	3
0.468527923843	0.318465944045	0.142857142857	0.4	0.312660084075	1	-1	-1	-1	3
0.22389265225	0.0	0.142857142857	0.5	0.243523316062	1	-1	-1	-1	4
0.336154746156	0.162961479727	0.142857142857	0.45	0.353309218887	1	-1	-1	-1	4
0.257312517035	0.0	0.285714285714	0.55	0.266888258872	1	-1	-1	-1	5
0.17882261828	-0.113937212461	0.428571428571	0.35	0.277231400919	1	-1	-1	-1	5
0.221020827378	0.0612556060303	0.285714285714	0.4	0.243132270994	1	-1	-1	-1	5
0.199277722749	0.0	0.0	0.8	0.174151921009	1	-1	-1	-1	6
0.264442221144	0.0945938447657	0.142857142857	0.5	0.213745234138	1	-1	-1	-1	6
0.250031576778	0.0	0.142857142857	0.45	0.241059732134	1	-1	-1	-1	7
0.330986126161	0.117514939362	0.428571428571	0.25	0.442037344804	1	-1	-1	-1	7
0.365486249144	0.0500809391352	0.285714285714	0.1	0.398064326914	1	-1	-1	-1	7
0.567609205794	0.0	0.0	0.65	0.255059145567	-1	1	-1	-1	8
0.280898708344	-0.416193617026	0.142857142857	0.75	0.163183106853	-1	1	-1	-1	8
0.520712704501	0.0	0.0	0.4	0.328673379607	-1	1	-1	-1	9
0.443750124645	-0.111720131529	0.142857142857	0.2	0.314713070681	-1	1	-1	-1	9
0.697158754745	0.367852085238	0.142857142857	0.4	0.627343826376	-1	1	-1	-1	9
0.431913818663	-0.385033859337	0.142857142857	0.35	0.340091895591	-1	1	-1	-1	9
0.540104170129	0.157050872237	0.142857142857	0.5	0.360739075178	-1	1	-1	-1	9
0.317959874225	-0.322468269688	0.142857142857	0.65	0.270994232085	-1	1	-1	-1	9
0.555613353986	0.344981652992	0.0	0.3	0.542086225437	-1	1	-1	-1	9
0.187760508419	-0.533981168081	0.142857142857	0.65	0.245586078796	-1	1	-1	-1	9
0.313266567837	0.182186635272	0.142857142857	0.75	0.301828135693	-1	1	-1	-1	9
0.396649205262	0.0	0.142857142857	0.5	0.361912210382	-1	1	-1	-1	10
0.192546883206	-0.296278247276	0.0	0.9	0.234900772314	-1	1	-1	-1	10
0.273218903521	0.117104815577	0.428571428571	0.6	0.326512855607	-1	1	-1	-1	10
0.42859493309	0.0	0.142857142857	0.35	0.278717372177	-1	1	-1	-1	11
0.212609770852	-0.313527571175	0.142857142857	0.75	0.160817284192	-1	1	-1	-1	11
0.241078729217	0.0	0.0	0.6	0.236582266106	-1	1	-1	-1	12
0.436324595983	0.283422072862	0.142857142857	0.5	0.343728614723	-1	1	-1	-1	12
0.41481083848	-0.031229719982	0.285714285714	0.6	0.419591357904	-1	1	-1	-1	12
0.626971886696	0.30797642512	0.142857142857	0.45	0.34181249389	-1	1	-1	-1	12
0.782570615647	0.225869643361	0.0	0.9	0.197947013393	-1	1	-1	-1	12
0.439994149986	-0.49728956428	0.142857142857	0.5	0.271189754619	-1	1	-1	-1	12
0.323507415557	-0.169094036559	0.285714285714	0.3	0.349594290742	-1	1	-1	-1	12
0.714298297513	0.0	0.142857142857	0.2	0.540326522632	-1	1	-1	-1	13
0.308800946639	-0.588626543694	0.285714285714	0.7	0.471111545606	-1	1	-1	-1	13
0.997688247456	1.0	0.285714285714	0.25	1.0	-1	1	-1	-1	13
0.623323937857	-0.543433315079	0.0	0.5	0.297399550298	-1	1	-1	-1	13
0.137405518956	-0.70536707285	1.0	0.5	0.439309805455	-1	1	-1	-1	13
0.306078695979	0.244848724636	0.142857142857	0.6	0.352233844951	-1	1	-1	-1	13
0.403210527365	0.140998144793	0.142857142857	0.5	0.410616873595	-1	1	-1	-1	13
0.313384565271	0.0	0.285714285714	0.35	0.375168638186	-1	1	-1	-1	14
0.620064881969	0.445182131148	0.142857142857	0.4	0.548558021312	-1	1	-1	-1	14
0.591197059039	-0.0419050008564	0.285714285714	0.35	0.674670055724	-1	1	-1	-1	14
0.371376149229	-0.319095604679	0.285714285714	0.35	0.434548831753	-1	1	-1	-1	14
0.253338828801	-0.171344892391	0.428571428571	0.45	0.27361423404	-1	1	-1	-1	14
0.236624741569	-0.0242624406225	0.285714285714	0.45	0.280868120051	-1	1	-1	-1	14
0.363375590818	0.183993592419	0.571428571429	0.2	0.329905171571	-1	1	-1	-1	14
0.341354942929	0.0	0.142857142857	0.5	0.264659301985	-1	1	-1	-1	15
0.155503998617	-0.269784250764	0.571428571429	0.6	0.247531528009	-1	1	-1	-1	15
0.785590352796	0.914643590368	0.142857142857	0.2	0.457336983087	-1	1	-1	-1	15
0.318807461426	0.0	0.142857142857	0.15	0.267865871542	-1	1	-1	-1	16
0.509531201181	0.276857679809	0.142857142857	0.5	0.273457816013	-1	1	-1	-1	16
0.478152193423	-0.0455502775573	0.0	0.7	0.206530452635	-1	1	-1	-1	16
0.760782638755	0.0	0.142857142857	0.2	0.434842115554	-1	1	-1	-1	17
0.369298729616	-0.568284403957	0.142857142857	0.4	0.283312151725	-1	1	-1	-1	17
0.542502343329	0.0	0.142857142857	0.3	0.343611301202	-1	1	-1	-1	18
0.357394284271	-0.268705866459	0.142857142857	0.35	0.312053964219	-1	1	-1	-1	18
0.321646047585	-0.0518927212678	0.142857142857	0.6	0.356525564571	-1	1	-1	-1	18
0.806932930923	0.0	0.142857142857	0.35	0.430071365725	-1	1	-1	-1	19
0.740639978195	-0.0962319274129	0.0	0.35	0.239417342849	-1	1	-1	-1	19
0.233465401823	-0.73622285644	0.285714285714	0.5	0.260162283703	-1	1	-1	-1	19
0.351471145473	0.171299055027	0.0	0.5	0.216844266302	-1	1	-1	-1	19
0.543811948653	0.279205035355	0.0	0.35	0.317528595171	-1	1	-1	-1	19
0.372602657768	-0.248530188729	0.142857142857	0.4	0.257219669567	-1	1	-1	-1	19
0.605890232472	0.338644034267	0.142857142857	0.25	0.415778668492	-1	1	-1	-1	19
0.393092662886	-0.308900409883	0.142857142857	0.45	0.229426141363	-1	1	-1	-1	19
0.434958484846	0.0	0.142857142857	0.55	0.264737510998	-1	1	-1	-1	20
0.636597818211	0.292702932868	0.0	0.45	0.314693518428	-1	1	-1	-1	20
0.493310708849	-0.207997896306	0.142857142857	0.25	0.34883175286	-1	1	-1	-1	20
0.507217786701	0.0201877401938	0.142857142857	0.55	0.418916805162	-1	1	-1	-1	20
0.503692821103	-0.00511689734119	0.428571428571	0.25	0.454863623033	-1	1	-1	-1	20
0.443098645855	-0.08795948942	0.428571428571	0.25	0.352331606218	-1	1	-1	-1	20
0.204551044693	-0.346279574147	0.571428571429	0.85	0.325349496529	-1	1	-1	-1	20
0.286781960685	0.119367733873	0.285714285714	0.2	0.432476292893	-1	1	-1	-1	20
0.29891409122	0.0176111978268	0.142857142857	0.65	0.300713657249	-1	1	-1	-1	20
0.39882467908	0.145031832843	0.285714285714	0.45	0.516668296021	-1	1	-1	-1	20
0.247591855186	-0.219532024636	0.428571428571	0.45	0.392511486949	-1	1	-1	-1	20
0.330620500309	0.0	0.142857142857	0.3	0.228771140874	-1	1	-1	-1	21
0.265708616139	-0.0942271458521	0.142857142857	0.85	0.227099423209	-1	1	-1	-1	21
0.349395387796	0.121481077612	0.142857142857	0.45	0.218379118193	-1	1	-1	-1	21
0.27188935497	-0.112509016692	0.0	0.6	0.12955323101	-1	1	-1	-1	21
0.45039952934	0.0	0.0	0.65	0.18877700655	-1	1	-1	-1	22
0.29314218857	-0.228277311228	0.142857142857	0.35	0.188679245283	-1	1	-1	-1	22
0.221698897139	-0.103708242764	0.142857142857	0.5	0.21536807117	-1	1	-1	-1	22
0.499990028386	0.0	0.142857142857	0.75	0.211359859224	-1	1	-1	-1	23
0.210997693233	-0.419505969714	0.142857142857	0.7	0.159741910255	-1	1	-1	-1	23
0.550248625579	0.0	0.142857142857	0.45	0.277426923453	-1	1	-1	-1	24
0.325972066185	-0.325563498018	0.142857142857	0.8	0.21536807117	-1	1	-1	-1	24
0.216033358373	0.0	0.285714285714	0.9	0.256427803304	-1	1	-1	-1	25
0.166092190897	-0.0724954102323	0.142857142857	0.95	0.177837520774	-1	1	-1	-1	25
0.568461778803	0.0	0.0	0.45	0.448333170398	-1	1	-1	-1	26
0.447138811517	-0.176114390761	0.0	0.65	0.202590673575	-1	1	-1	-1	26
0.401915879463	-0.0656463430227	0.142857142857	0.55	0.359644148988	-1	1	-1	-1	26
0.335029615694	-0.0970931873614	0.285714285714	0.45	0.351158471014	-1	1	-1	-1	26
0.374912748376	0.0578950034861	0.142857142857	0.25	0.335125623228	-1	1	-1	-1	26
0.419439329376	0.0646355085173	0.0	0.5	0.239026297781	-1	1	-1	-1	26
0.257149647337	-0.235582339587	0.285714285714	0.3	0.323296509923	-1	1	-1	-1	26
0.41777573175	0.233167434241	0.285714285714	0.65	0.318584416854	-1	1	-1	-1	26
0.401136431625	-0.0241538784441	0.142857142857	0.75	0.257972431323	-1	1	-1	-1	26
0.550496253997	0.216813145191	0.0	0.6	0.331410695083	-1	1	-1	-1	26
0.714992986631	0.238786130096	0.142857142857	0.2	0.571688337081	-1	1	-1	-1	26
0.919048774489	0.296210697476	0.0	0.2	0.840258089745	-1	1	-1	-1	26
0.533439808013	0.0	0.0	0.55	0.260924821586	-1	1	-1	-1	27
0.301935490304	-0.336055429436	0.428571428571	0.3	0.505327989051	-1	1	-1	-1	27
0.443632127211	0.205689140646	0.285714285714	0.35	0.493186039691	-1	1	-1	-1	27
0.31797316971	-0.182408584615	0.142857142857	0.9	0.256828624499	-1	1	-1	-1	27
0.259210447593	0.0	0.571428571429	0.35	0.436308534559	-1	1	-1	-1	28
0.266366742673	0.010388194225	0.428571428571	0.3	0.375501026493	-1	1	-1	-1	28
0.411855916823	0.0	0.285714285714	0.2	0.565255645713	-1	1	-1	-1	29
0.574032587235	0.235418290073	0.285714285714	0.25	0.604262391241	-1	1	-1	-1	29
0.251728413117	-0.467861976459	0.142857142857	0.45	0.196695669176	-1	1	-1	-1	29
0.439231321505	0.27218226866	0.142857142857	0.75	0.271776322221	-1	1	-1	-1	29
0.381296243361	-0.0840995008552	0.285714285714	0.2	0.456349594291	-1	1	-1	-1	29
0.914539942962	0.774065219332	0.142857142857	0.35	0.544608466126	-1	1	-1	-1	29
0.374979225804	-0.783235104666	0.0	0.75	0.22955323101	-1	1	-1	-1	29
0.245266807156	0.0	0.285714285714	0.65	0.263173330726	-1	1	-1	-1	30
0.325865702301	0.116998665891	0.142857142857	0.7	0.253788249096	-1	1	-1	-1	30
0.178732873753	0.0	0.142857142857	0.35	0.166555870564	-1	1	-1	-1	31
0.214768625313	0.0523100825314	0.285714285714	0.9	0.2164043406	-1	1	-1	-1	31
0.716151355807	0.727815318847	0.0	0.45	0.320168149379	-1	1	-1	-1	31
0.371703550559	-0.500006031232	0.142857142857	0.55	0.243718838596	-1	1	-1	-1	31
0.452393852167	0.0	0.0	0.5	0.254765861766	-1	1	-1	-1	32
0.188644658206	-0.38286261577	0.285714285714	0.85	0.221018672402	-1	1	-1	-1	32
0.276629195557	0.12771978413	0.285714285714	0.45	0.306481572001	-1	1	-1	-1	32
0.633593038484	0.518174514908	0.142857142857	0.25	0.328868902141	-1	1	-1	-1	32
0.806185059863	0.250537382783	0.0	0.15	0.335907713364	-1	1	-1	-1	32
0.709711355009	-0.140042797623	0.142857142857	0.35	0.553231009874	-1	1	-1	-1	32
0.472546484341	-0.344272380093	0.428571428571	0.35	0.381914165608	-1	1	-1	-1	32
0.402183451109	-0.10214012241	0.0	0.45	0.21924919347	-1	1	-1	-1	32
0.409045583572	0.00996118299	0.0	0.75	0.261491836934	-1	1	-1	-1	32
0.250666436212	0.0	0.428571428571	0.4	0.385062078405	-1	-1	1	-1	33
0.149723786288	-0.146529990905	0.857142857143	0.25	0.328282334539	-1	-1	1	-1	33
0.186331243726	0.0531399800728	0.428571428571	0.5	0.271756769968	-1	-1	1	-1	33
0.12066982656	0.0	0.571428571429	0.55	0.268745722945	-1	-1	1	-1	34
0.350066809815	0.332996388498	0.428571428571	0.65	0.468159155343	-1	-1	1	-1	34
0.962077951432	0.888405318099	0.0	0.35	0.595463877212	-1	-1	1	-1	34
0.135112047704	-1.2004371437	0.428571428571	0.65	0.212650307948	-1	-1	1	-1	34
0.306444321831	0.2487087132	0.285714285714	0.5	0.366995796266	-1	-1	1	-1	34
0.215232305371	-0.132404845251	0.285714285714	0.45	0.274709160231	-1	-1	1	-1	34
0.306025514037	0.131796897052	0.285714285714	0.65	0.297859028253	-1	-1	1	-1	34
0.156135534179	-0.217582730411	0.428571428571	0.75	0.172470427217	-1	-1	1	-1	34
0.168752949936	0.0	0.571428571429	0.35	0.276468863036	-1	-1	1	-1	35
0.232021179708	0.0918411904205	0.142857142857	0.7	0.273457816013	-1	-1	1	-1	35
0.363508545673	0.19086919705	0.142857142857	0.5	0.288786782677	-1	-1	1	-1	35
0.229877282669	0.0	0.142857142857	0.7	0.236787564767	-1	-1	1	-1	36
0.331866952076	0.148049861402	0.285714285714	0.45	0.364825496138	-1	-1	1	-1	36
0.207369687623	-0.18072225211	0.428571428571	0.45	0.272949457425	-1	-1	1	-1	36
0.147061365313	-0.0875445406493	0.428571428571	0.75	0.217421057777	-1	-1	1	-1	36
0.305693126899	0.0	0.285714285714	0.2	0.447336005475	-1	-1	1	-1	37
0.301421952176	-0.00620010663218	0.285714285714	0.2	0.382051031381	-1	-1	1	-1	37
0.243019870103	-0.0847774113469	0.285714285714	0.5	0.30198455372	-1	-1	1	-1	37
0.247244510626	0.0061325568323	0.285714285714	0.3	0.385081630658	-1	-1	1	-1	37
0.400689370924	0.0	0.142857142857	0.4	0.198181640434	-1	-1	1	-1	38
0.216731371363	-0.267036421405	0.0	0.45	0.2552546681	-1	-1	1	-1	38
0.339598276905	0.178355596622	0.142857142857	0.8	0.2653240786	-1	-1	1	-1	38
0.150636188982	-0.274300437385	0.571428571429	0.3	0.317626356438	-1	-1	1	-1	38
0.278075079607	0.0	0.285714285714	0.35	0.2958255939	-1	-1	1	-1	39
0.116598084121	-0.234402630582	0.428571428571	0.75	0.262176165803	-1	-1	1	-1	39
0.253661244324	0.0	0.428571428571	0.35	0.263466614527	-1	-1	1	-1	40
0.593935929055	0.493948261678	0.142857142857	0.55	0.375305503959	-1	-1	1	-1	40
0.634287727602	0.0585753264706	0.142857142857	0.3	0.467406393587	-1	-1	1	-1	40
0.49933688766	-0.195896832156	0.142857142857	0.55	0.393606413139	-1	-1	1	-1	40
0.335578054472	-0.237714983269	0.285714285714	0.25	0.390360739075	-1	-1	1	-1	40
0.295473884343	-0.0582158650355	0.142857142857	0.45	0.297076938117	-1	-1	1	-1	40
0.327695493495	0.0	0.285714285714	0.45	0.393098054551	-1	-1	1	-1	41
0.167981811776	-0.231842975665	0.285714285714	0.7	0.213579039984	-1	-1	1	-1	41
0.26624043556	0.142633814947	0.142857142857	0.75	0.27666438557	-1	-1	1	-1	41
0.286398053541	0.0292611258139	0.142857142857	0.5	0.225241959136	-1	-1	1	-1	41
0.399810206944	0.0	0.142857142857	0.5	0.344706227393	-1	-1	1	-1	42
0.24981884901	-0.217729892475	0.142857142857	0.5	0.229416365236	-1	-1	1	-1	42
0.175764656611	-0.107498269036	0.285714285714	0.9	0.249115260534	-1	-1	1	-1	42
0.0956743137868	-0.116260443078	0.428571428571	0.6	0.221918076058	-1	-1	1	-1	42
0.159972943687	0.0	0.428571428571	0.9	0.190028350767	-1	-1	1	-1	43
0.388389384884	0.331573017715	0.142857142857	0.7	0.233962264151	-1	-1	1	-1	43
0.566675197937	0.258802583297	0.142857142857	0.2	0.364747287125	-1	-1	1	-1	43
0.205249057682	0.0	0.285714285714	0.5	0.345390556262	-1	-1	1	-1	44
0.329342471764	0.180136016347	0.428571428571	0.65	0.361247433767	-1	-1	1	-1	44
0.439979192565	0.0	0.285714285714	0.3	0.399648059439	-1	-1	1	-1	45
0.530370212794	0.131213073781	0.0	0.4	0.35202854629	-1	-1	1	-1	45
0.519863455364	-0.0152517798166	0.285714285714	0.3	0.44500928732	-1	-1	1	-1	45
0.574097402727	0.0787268792716	0.285714285714	0.4	0.424674943787	-1	-1	1	-1	45
0.538927519661	-0.051053173755	0.285714285714	0.3	0.523218300909	-1	-1	1	-1	45
0.455817439688	-0.120643942592	0.142857142857	0.25	0.30423306286	-1	-1	1	-1	45
0.196606992096	0.0	0.0	0.8	0.198357610715	-1	-1	-1	1	46
0.15316233123	-0.06306497567	0.142857142857	1.0	0.173936846222	-1	-1	-1	1	46
0.366154347291	0.0	0.285714285714	0.65	0.343024733601	-1	-1	-1	1	47
0.313969566634	-0.0757522755839	0.0	0.8	0.28069214977	-1	-1	-1	1	47
0.506041136232	0.278814211513	0.142857142857	0.35	0.341186821781	-1	-1	-1	1	47
0.218793833554	-0.416972852218	0.571428571429	0.55	0.352038322417	-1	-1	-1	1	47
0.379270343755	0.0	0.142857142857	0.6	0.265030794799	-1	-1	-1	1	48
0.327181955367	-0.0756123509984	0.142857142857	0.6	0.307830677486	-1	-1	-1	1	48
0.333113403844	0.0	0.142857142857	0.4	0.221722553524	-1	-1	-1	1	49
0.239518171605	-0.135864360002	0.142857142857	0.5	0.270798709551	-1	-1	-1	1	49
0.238019105613	-0.0021760685534	0.142857142857	0.75	0.215563593704	-1	-1	-1	1	49
0.21820550832	0.0	0.142857142857	0.8	0.232965099228	-1	-1	-1	1	50
0.164812500415	-0.077506157888	0.285714285714	0.65	0.227001661942	-1	-1	-1	1	50
0.503712764331	0.491953130089	0.285714285714	0.3	0.429543454883	-1	-1	-1	1	50
0.378185099749	-0.182217997679	0.285714285714	0.55	0.324078600059	-1	-1	-1	1	50
0.350648487306	-0.0399725940812	0.142857142857	0.65	0.287046632124	-1	-1	-1	1	50
0.224442752963	0.0	0.285714285714	0.95	0.257874670056	-1	-1	-1	1	51
0.201592799165	-0.0331693642358	0.285714285714	0.8	0.221429269723	-1	-1	-1	1	51
0.28126267226	0.115650082387	0.142857142857	0.55	0.266008407469	-1	-1	-1	1	51
0.241261542143	-0.0580662904786	0.0	0.75	0.192961188777	-1	-1	-1	1	51
0.174584682271	0.0	0.142857142857	0.9	0.167973408935	-1	-1	-1	1	52
0.276958258823	0.148607147251	0.142857142857	0.7	0.217303744257	-1	-1	-1	1	52
0.322777825789	0.0665124279569	0.142857142857	0.25	0.236386743572	-1	-1	-1	1	52
0.268582102947	0.0	0.0	0.8	0.199217909864	-1	-1	-1	1	53
0.339859200808	0.103466993479	0.142857142857	0.7	0.198142535927	-1	-1	-1	1	53
0.162171684604	-0.25793408587	0.714285714286	0.75	0.256525564571	-1	-1	-1	1	53
0.333650209072	0.248921012572	0.142857142857	0.55	0.289177827745	-1	-1	-1	1	53
0.45973794598	0.183031007771	0.0	0.6	0.313891876039	-1	-1	-1	1	53
0.317511151588	-0.206458725866	0.428571428571	0.4	0.49271678561	-1	-1	-1	1	53
0.785508917947	0.679353162416	0.142857142857	0.35	0.544764884153	-1	-1	-1	1	53
0.289369594554	-0.720203903896	1.0	0.65	0.392071561247	-1	-1	-1	1	53
0.448499936846	0.230996190674	0.0	0.7	0.41311956203	-1	-1	-1	1	53
0.760217580621	0.452494396985	0.142857142857	0.3	0.346563691465	-1	-1	-1	1	53
0.8326596954	0.105158150969	0.428571428571	0.25	0.512562322808	-1	-1	-1	1	53
0.199475493096	-0.919140477046	0.142857142857	0.55	0.350826082706	-1	-1	-1	1	53
0.582408743111	0.555872128229	0.285714285714	0.45	0.432495845146	-1	-1	-1	1	53
0.968758932904	0.560832213535	0.285714285714	0.15	0.761364747287	-1	-1	-1	1	53
0.707828381873	-0.378771027891	0.142857142857	0.85	0.394701339329	-1	-1	-1	1	53
0.37901772953	0.0	0.142857142857	0.45	0.267670349008	-1	-1	-1	1	54
0.352809003703	-0.0380450122917	0.142857142857	0.85	0.224733600547	-1	-1	-1	1	54
0.21119546358	-0.205568516003	0.0	1.0	0.160426239124	-1	-1	-1	1	54
0.355283625945	0.0	0.142857142857	0.3	0.238341968912	-1	-1	-1	1	55
0.165706621817	-0.275193059741	0.428571428571	0.35	0.270867142438	-1	-1	-1	1	55
0.306527418615	0.204417756912	0.285714285714	0.6	0.344510704859	-1	-1	-1	1	55
0.405774894135	0.144069248195	0.142857142857	0.6	0.426434646593	-1	-1	-1	1	55
0.442354098666	0.0530989676943	0.142857142857	0.45	0.393508651872	-1	-1	-1	1	55
0.584349883997	0.0	0.428571428571	0.35	0.254179294164	-1	-1	-1	1	56
1.0	0.603364462533	0.142857142857	0.25	0.568090722456	-1	-1	-1	1	56
0.548904119606	-0.654818110101	0.142857142857	0.55	0.277446475706	-1	-1	-1	1	56
0.369561315455	-0.260336928752	0.142857142857	0.9	0.260621761658	-1	-1	-1	1	56
0.222915434064	-0.212873544362	0.142857142857	0.6	0.18975461922	-1	-1	-1	1	56
0.260157750936	0.0	0.571428571429	0.8	0.364278033043	-1	-1	-1	1	57
0.649446243028	0.565097500899	0.142857142857	0.45	0.366702512465	-1	-1	-1	1	57
0.449897624762	-0.289668016859	0.0	0.45	0.251129142634	-1	-1	-1	1	57
0.355004420749	-0.13774851692	0.142857142857	0.35	0.365724899795	-1	-1	-1	1	57
0.15434230557	0.0	0.285714285714	0.7	0.20725388601	-1	-1	-1	1	58
0.381128387856	0.329206362226	0.0	0.8	0.234431518232	-1	-1	-1	1	58
0.151498733605	-0.333334137498	0.428571428571	0.7	0.201974777593	-1	-1	-1	1	58
0.296253332181	0.0	0.142857142857	0.6	0.192765666243	-1	-1	-1	1	59
0.316281319178	0.0290729513714	0.0	0.85	0.214977026102	-1	-1	-1	1	59
0.340414287329	0.0350318087183	0.142857142857	0.85	0.205298660671	-1	-1	-1	1	59
0.296967964528	-0.0630673881629	0.142857142857	0.6	0.227392707009	-1	-1	-1	1	59
0.372200469331	0.109208726469	0.285714285714	0.45	0.408935379803	-1	-1	-1	1	59
0.218923464538	-0.222499390846	0.142857142857	0.7	0.3427314498	-1	-1	-1	1	59
0.378402813325	0.231502814173	0.0	0.65	0.207468960798	-1	-1	-1	1	59
0.422794777533	0.0644400965962	0.285714285714	0.55	0.369830873008	-1	-1	-1	1	59
0.424755861647	0.00284674156653	0.142857142857	0.4	0.365812884935	-1	-1	-1	1	59
0.267254216331	-0.228631947678	0.0	0.85	0.173506696647	-1	-1	-1	1	59
0.505389657442	0.0	0.142857142857	0.4	0.33061882882	-1	-1	-1	1	60
0.203037021279	-0.438899999759	0.285714285714	0.75	0.238615700459	-1	-1	-1	1	60
0.298314132436	0.138305802769	0.571428571429	0.3	0.322807703588	-1	-1	-1	1	60
0.143622820371	0.0	0.428571428571	0.9	0.240394955519	-1	-1	-1	1	61
0.330406110605	0.271137659255	0.142857142857	0.6	0.239808387917	-1	-1	-1	1	61
0.260569910987	-0.101375362175	0.142857142857	0.65	0.283312151725	-1	-1	-1	1	61
