2449.7	0	1	15	23340.0		0	0
2256.975	-192.725	1	21	21468.0		0	0
2978.225	0	2	11	27658.0		0	1
5496.4	2518.175	5	13	54398.0		0	1
3623.5	-1872.9	7	11	49280.0		0	1
4681.45	1057.95	3	11	45178.0		0	1
14237.75	9556.3	2	6	111190.0		0	1
8328.15	-5909.6	3	7	75340.0		0	1
5713.225	-2614.925	2	8	50072.0		0	1
6506.65	793.425	4	5	80239.0		0	1
9495.35	2988.7	2	8	72960.0		0	1
8041.2	-1454.15	2	12	46078.0		0	1
8721.925	680.725	1	12	49082.0		0	1
6425.725	-2296.2	2	8	55150.0		0	1
6067.95	0	2	10	43761.0		0	2
5024.7	-1043.25	3	12	51370.0		0	2
10977.9	5953.2	1	12	76532.0		0	2
12746.4	1768.5	2	6	97640.0		0	2
8547.175	0	1	8	38583.0		0	3
5613.95	-2933.225	5	13	74606.0		0	3
6101.95	488.0	4	9	57120.0		0	3
6554.675	452.725	1	9	50470.0		0	3
4365.6	-2189.075	1	8	37492.0		0	3
3588.725	-776.875	2	11	30830.0		0	3
5736.175	2147.45	1	9	44090.0		0	3
4712.175	-1024.0	4	12	76382.0		0	3
6482.225	1770.05	2	10	48340.0		0	3
4138.6	-2343.625	3	9	52770.0		0	3
2674.725	0	3	11	29790.0		0	4
6048.925	3374.2	3	8	62968.0		0	4
6036.225	-12.7	4	9	71428.0		0	4
5102.225	-934.0	1	16	46342.0		0	4
3157.5	0	1	20	20990.0		0	5
1856.75	-1300.75	0	20	17820.0		0	5
2435.725	578.975	1	15	19390.0		0	5
4423.975	0	4	10	42210.0		0	6
4533.15	109.175	0	22	37228.0		0	6
14534.125	10000.975	2	8	71154.0		0	6
10273.675	-4260.45	2	10	85320.0		0	6
10121.975	-151.7	2	12	74000.0		0	6
10442.975	321.0	2	12	80730.0		0	6
6853.225	-3589.75	4	3	60630.0		0	6
4925.475	-1927.75	1	13	52688.0		0	6
8387.975	0	4	5	76100.0		0	7
8654.45	266.475	1	14	59042.0		0	7
4716.225	-3938.225	2	11	33008.0		0	7
3792.95	-923.275	3	8	36220.0		0	7
5006.425	0	3	13	43912.0		0	8
7779.675	2773.25	2	11	62110.0		0	8
5215.725	-2563.95	3	6	69970.0		0	8
5747.4	531.675	3	7	42040.0		0	8
6006.425	259.025	1	11	47450.0		0	8
8304.175	2297.75	1	11	40538.0		0	8
9117.9	813.725	3	9	85110.0		0	8
8361.675	-756.225	3	5	62350.0		0	8
8101.875	-259.8	2	6	69570.0		0	8
6201.9	-1899.975	3	7	55694.0		0	8
4547.7	-1654.2	3	13	45510.0		0	8
7227.45	2679.75	1	13	37090.0		0	8
6850.75	-376.7	4	7	78760.0		0	8
8874.225	2023.475	3	13	68728.0		0	8
4037.725	-4836.5	2	14	47050.0		0	8
5511.45	1473.725	1	6	44310.0		0	8
3824.5	0	0	15	33530.0		0	9
5264.925	1440.425	5	5	69668.0		0	9
7447.225	0	1	15	48041.0		0	10
6073.725	-1373.5	2	6	59312.0		0	10
6140.25	66.525	1	17	40870.0		0	10
2240.5	0	2	14	30100.0		0	11
4320.4	2079.9	1	8	29910.0		0	11
6603.975	2283.575	3	9	52540.0		0	11
10969.175	4365.2	1	8	80790.0		0	11
4342.225	0	1	10	41430.0		0	12
2820.0	-1522.225	3	9	34130.0		0	12
4905.15	0	3	13	33500.0		0	13
6403.15	1498.0	1	11	40358.0		0	13
4143.725	-2259.425	1	19	33971.0		0	13
4648.175	0	1	16	22739.0		0	14
7184.975	2536.8	1	12	37270.0		0	14
5295.65	0	2	14	49264.0		0	15
5056.7	-238.95	1	16	42166.0		0	15
2212.225	-2844.475	4	7	37690.0		0	15
7370.225	5158.0	3	12	79000.0		0	15
3409.475	0	4	9	49469.0		0	16
3184.425	-225.05	3	15	36268.0		0	16
4781.9	1597.475	5	8	61890.0		0	16
10315.975	5534.075	1	9	75061.0		0	16
5752.975	-4563.0	1	10	42660.0		0	16
6158.475	0	3	5	65380.0		0	17
7245.925	1087.45	2	7	66490.0		0	17
5266.675	-1979.25	3	5	54370.0		0	17
3980.975	-1285.7	5	6	45280.0		0	17
4817.925	836.95	3	13	53722.0		0	17
3778.95	-1038.975	1	13	28448.0		0	17
6897.2	3118.25	3	8	62360.0		0	17
10107.45	3210.25	2	7	105030.0		0	17
2487.425	-7620.025	4	15	46591.0		0	17
11661.0	9173.575	1	7	69150.0		0	17
5822.975	-5838.025	1	11	59770.0		0	17
6556.975	734.0	2	6	49962.0		0	17
3892.425	-2664.55	0	16	18712.0		0	17
3750.7	0	3	7	39398.0		0	18
6676.175	2925.475	2	4	73040.0		0	18
5289.75	-1386.425	3	11	50120.0		0	18
1963.975	0	6	12	31569.0		0	19
4546.975	2583.0	1	21	28672.0		0	19
3176.975	-1370.0	3	11	34272.0		0	19
4334.975	1158.0	4	11	33920.0		0	19
5257.175	0	3	8	66398.0		0	20
2966.475	-2290.7	3	10	32108.0		0	20
3423.95	0	3	10	36088.0		0	21
3845.975	422.025	2	7	40420.0		0	21
9367.675	5521.7	2	7	78598.0		0	21
6410.975	-2956.7	1	12	52979.0		0	21
8619.45	2208.475	4	8	73580.0		0	21
6533.625	-2085.825	1	11	60130.0		0	21
5976.925	-556.7	2	15	47659.0		0	21
7291.65	1314.725	3	9	85318.0		0	21
8299.0	1007.35	2	5	62460.0		0	21
11723.725	3424.725	1	6	77300.0		0	21
2566.925	-9156.8	3	13	40160.0		0	21
3013.0	446.075	3	11	28700.0		0	21
2959.225	-53.775	3	11	39118.0		0	21
6306.925	3347.7	4	8	97080.0		0	21
5823.925	-483.0	1	7	43620.0		0	21
3568.5	-2255.425	3	14	45920.0		0	21
4813.2	1244.7	3	7	49740.0		0	21
3439.425	-1373.775	2	16	44228.0		0	21
5595.25	2155.825	1	14	38520.0		0	21
13269.1	7673.85	3	8	109151.0		0	21
6690.2	0	1	11	75788.0		0	22
11835.675	5145.475	2	6	97040.0		0	22
9747.425	-2088.25	1	17	63932.0		0	22
8107.725	-1639.7	2	4	60790.0		0	22
2877.25	0	3	14	33310.0		0	23
6974.725	4097.475	3	5	86430.0		0	23
3524.675	-3450.05	5	9	55602.0		0	23
4139.725	615.05	2	10	45940.0		0	23
4866.475	0	3	10	52250.0		0	24
10332.2	5465.725	4	9	105381.0		0	24
9324.9	0	1	9	70166.0		0	25
4811.175	-4513.725	3	13	46326.0		0	25
3665.25	-1145.925	2	14	29700.0		0	25
3609.225	0	1	12	32609.0		0	26
3656.725	47.5	2	8	49270.0		0	26
2719.475	-937.25	5	9	46500.0		0	26
7518.375	0	1	11	57291.0		0	27
6785.225	-733.15	1	15	40508.0		0	27
2052.725	0	4	17	29732.0		0	28
5722.475	3669.75	1	8	50640.0		0	28
2294.975	-3427.5	6	7	39050.0		0	28
3886.95	1591.975	5	9	69622.0		0	28
9203.9	5316.95	3	9	62400.0		0	28
4083.475	0	4	9	46400.0		0	29
4521.425	437.95	4	11	61652.0		0	29
10563.225	6041.8	3	6	88590.0		0	29
5015.425	-5547.8	5	7	69488.0		0	29
5425.625	410.2	3	10	47167.0		0	29
7107.45	1681.825	3	13	70240.0		0	29
4166.175	-2941.275	1	12	35048.0		0	29
8401.975	4235.8	1	8	54368.0		0	29
3902.225	-4499.75	1	12	57420.0		0	29
4684.925	782.7	2	14	48188.0		0	29
3627.425	0	4	15	37268.0		0	30
5305.475	1678.05	3	10	43950.0		0	30
4012.175	-1293.3	0	15	22760.0		0	30
3999.45	0	2	16	34752.0		0	31
4806.5	807.05	3	8	57270.0		0	31
5024.15	217.65	1	17	30556.0		0	31
4899.125	-125.025	0	15	46722.0		0	31
1861.45	-3037.675	2	17	18950.0		0	31
2536.925	0	1	19	23056.0		0	32
3506.45	969.525	1	10	31052.0		0	32
2233.975	-1272.475	3	16	27638.0		0	32
6326.2	0	1	17	28042.0		1	33
5334.95	-991.25	0	17	22468.0		1	33
6021.675	686.725	1	21	24929.0		1	33
4094.95	-1926.725	1	14	20712.0		1	33
7238.725	3143.775	1	7	32590.0		1	33
4185.675	0	1	11	27562.0		1	34
4623.725	438.05	1	12	22851.0		1	34
4221.725	-402.0	2	13	31268.0		1	34
2917.975	0	1	22	29218.0		1	35
5751.5	2833.525	1	7	30990.0		1	35
5911.675	160.175	0	21	23678.0		1	35
2503.475	-3408.2	1	22	20550.0		1	35
4528.125	2024.65	1	11	33026.0		1	35
3351.95	-1176.175	1	12	21258.0		1	35
1892.475	-1459.475	2	19	21640.0		1	35
2170.4	277.925	7	12	34720.0		1	35
4240.95	0	1	17	24750.0		1	36
2580.0	-1660.95	2	16	26210.0		1	36
3999.25	1419.25	1	13	19440.0		1	36
2099.7	-1899.55	2	19	24860.0		1	36
2512.475	412.775	0	22	18032.0		1	36
5508.9	0	0	16	21450.0		1	37
4196.225	-1312.675	1	10	23790.0		1	37
3378.75	-817.475	0	17	28450.0		1	37
4023.175	644.425	1	7	22061.0		1	37
4785.35	762.175	2	10	30827.0		1	37
11177.45	6392.1	0	15	35598.0		1	37
6169.65	0	0	19	27658.0		1	38
2885.2	-3284.45	3	16	25680.0		1	38
5090.95	2205.75	2	8	31288.0		1	38
6118.175	0	1	19	24032.0		1	39
3224.225	-2893.95	0	16	17460.0		1	39
2358.425	0	2	16	21112.0		1	40
2595.25	236.825	1	10	19450.0		1	40
1612.475	-982.775	3	18	24260.0		1	40
4575.25	0	0	20	22120.0		1	41
2300.25	-2275.0	4	14	24970.0		1	41
5256.2	0	1	15	28578.0		1	42
6035.2	779.0	1	16	30370.0		1	42
2752.5	-3282.7	1	15	24720.0		1	42
3564.675	812.175	2	10	29198.0		1	42
6459.475	0	1	8	34860.0		1	43
2502.425	-3957.05	0	22	18587.0		1	43
1892.7	-609.725	2	21	22320.0		1	43
4811.95	0	1	15	25890.0		1	44
3862.9	-949.05	2	10	27840.0		1	44
2679.0	0	0	21	22990.0		1	45
3036.475	357.475	1	12	22068.0		1	45
6958.175	0	0	14	26166.0		1	46
5904.425	-1053.75	1	17	32652.0		1	46
7516.65	1612.225	0	16	22418.0		1	46
3714.375	0	0	20	31410.0		1	47
3986.925	272.55	1	17	30578.0		1	47
2694.225	0	2	9	28698.0		1	48
4716.675	2022.45	2	8	31380.0		1	48
4251.725	-464.95	2	8	30230.0		1	48
2220.225	-2031.5	0	22	15218.0		1	48
2747.975	0	2	12	22419.0		1	49
5154.425	2406.45	1	12	38790.0		1	49
2337.0	-2817.425	2	14	22970.0		1	49
3467.15	1130.15	2	17	24784.0		1	49
2700.475	-766.675	2	19	25650.0		1	49
3240.725	0	3	11	28268.0		2	50
3599.175	358.45	1	15	26430.0		2	50
2781.95	-817.225	4	13	27028.0		2	50
2090.2	0	2	12	23161.0		3	51
2613.475	523.275	5	16	31990.0		3	51
5432.7	2819.225	2	7	39600.0		3	51
4371.675	-1061.025	2	11	27070.0		3	51
5497.7	1126.025	1	4	31880.0		3	51
3378.25	0	1	12	20300.0		3	52
2261.5	-1116.75	1	17	27090.0		3	52
3203.4	941.9	1	15	20340.0		3	52
2627.725	-575.675	3	16	24851.0		3	52
3446.225	0	0	18	21040.0		3	53
3007.45	-438.775	1	19	24452.0		3	53
3994.25	0	1	15	31890.0		3	54
4170.475	176.225	2	17	26860.0		3	54
4000.2	0	0	19	28340.0		3	55
4798.175	797.975	2	9	39717.0		3	55
4705.25	0	0	11	19050.0		3	56
1871.0	-2834.25	2	19	24020.0		3	56
4734.95	2863.95	1	11	25190.0		3	56
4774.975	40.025	0	13	33000.0		3	56
4246.225	-528.75	1	8	27160.0		3	56
4159.45	0	0	13	23558.0		3	57
2038.0	-2121.45	1	15	23670.0		3	57
4925.5	2887.5	0	11	24920.0		3	57
3799.925	0	0	10	24730.0		3	58
5059.25	1259.325	1	12	30750.0		3	58
3981.975	-1077.275	1	13	23390.0		3	58
2557.225	-1424.75	1	14	22111.0		3	58
3284.2	0	1	19	18888.0		3	59
1895.25	-1388.95	0	24	18890.0		3	59
2511.0	615.75	0	22	18480.0		3	59
2687.725	0	3	10	25570.0		3	60
1796.25	-891.475	4	18	26680.0		3	60
3421.75	1625.5	0	15	26890.0		3	60
4488.45	0	2	5	26050.0		3	61
3368.175	-1120.275	1	12	23598.0		3	61
3841.225	473.05	2	10	30390.0		3	61
3348.75	-492.475	4	12	22930.0		3	61
