1060.4	0	21	24	59168.0	0
1598.4	538.0	19	25	81264.0	0
946.4	-652.0	25	27	64160.0	0
1192.4	0	19	27	60208.0	0
1590.4	398.0	19	25	94944.0	0
1242.4	-348.0	24	26	75632.0	0
1533.2	0	17	28	88128.0	0
1288.4	-244.8	21	22	79648.0	0
1196.0	-92.4	19	28	69264.0	0
1756.0	0	20	22	106720.0	0
1574.0	-182.0	24	27	101744.0	0
1223.6	-350.4	21	25	76176.0	0
2236.4	0	24	28	140528.0	0
3653.2	1416.8	23	26	242672.0	0
2566.4	-1086.8	18	25	149440.0	0
2553.2	-13.2	23	24	149296.0	0
1767.6	0	19	26	85040.0	1
7702.8	5935.2	17	23	468320.0	1
6465.6	-1237.2	14	25	338864.0	1
3206.4	0	20	27	202624.0	1
9450.4	6244.0	18	26	504656.0	1
6445.6	-3004.8	17	24	359216.0	1
2256.0	-4189.6	18	23	128848.0	1
3374.8	1118.8	17	24	235248.0	1
2420.8	-954.0	22	26	151280.0	1
4839.6	2418.8	25	28	292144.0	1
9064.4	4224.8	21	26	532768.0	1
8243.6	-820.8	19	26	439552.0	1
4709.2	-3534.4	21	24	284112.0	1
2536.4	-2172.8	17	22	150640.0	1
1482.8	-1053.6	23	28	88224.0	1
1375.2	0	18	24	89104.0	1
3835.2	2460.0	23	26	240352.0	1
11746.8	7911.6	26	27	722112.0	1
7914.8	-3832.0	18	24	490192.0	1
3933.2	-3981.6	21	26	227216.0	1
1154.4	0	21	22	66432.0	1
896.8	-257.6	22	25	50752.0	1
3202.8	0	28	29	216592.0	1
11006.8	7804.0	17	22	570800.0	1
6578.4	-4428.4	18	21	341808.0	1
4214.4	0	24	29	258336.0	2
2677.6	-1536.8	19	25	168896.0	2
2480.8	-196.8	18	25	152416.0	2
2834.4	353.6	17	27	169648.0	2
3816.0	0	23	28	281568.0	2
3952.4	136.4	26	27	269200.0	2
3064.8	-887.6	23	32	196448.0	2
3342.8	278.0	22	27	208304.0	2
1761.2	-1581.6	28	27	122720.0	2
1180.4	-580.8	20	24	70464.0	2
4620.4	0	22	27	259376.0	2
3392.8	-1227.6	21	24	196480.0	2
2641.2	-751.6	27	33	181168.0	2
3278.0	636.8	22	29	210704.0	2
1458.0	-1820.0	18	22	78112.0	2
1083.6	-374.4	23	26	70352.0	2
4055.2	0	23	28	283664.0	2
4091.2	36.0	24	31	280112.0	2
3399.2	-692.0	17	24	186160.0	2
4538.0	1138.8	22	25	270496.0	2
2463.2	-2074.8	24	27	157296.0	2
1872.8	-590.4	25	25	128912.0	2
4680.4	0	22	28	291008.0	2
2369.6	-2310.8	19	33	151392.0	2
2058.0	-311.6	19	22	113216.0	2
5906.8	3848.8	17	24	296224.0	2
1703.2	-4203.6	22	28	107008.0	2
1219.2	0	20	23	70000.0	3
4112.4	2893.2	20	28	246592.0	3
3886.8	-225.6	21	24	221040.0	3
1712.0	-2174.8	17	25	91264.0	3
5279.2	0	16	24	297312.0	3
3502.0	-1777.2	17	24	163584.0	3
2198.0	-1304.0	24	27	139216.0	3
5304.4	0	21	20	319136.0	3
6002.0	697.6	22	23	365488.0	3
2589.2	-3412.8	14	20	135776.0	3
1586.4	-1002.8	18	19	87760.0	3
5760.4	0	21	28	369232.0	3
4197.2	-1563.2	23	30	262960.0	3
1888.8	-2308.4	24	23	119728.0	3
878.8	0	14	17	48848.0	3
8457.6	7578.8	15	22	483456.0	3
4275.2	-4182.4	16	24	270848.0	3
3449.2	-826.0	22	28	217504.0	3
