1820.8	0	25	28	120288.0	0
2215.6	394.8	20	26	133920.0	0
3089.2	873.6	23	29	196640.0	0
1898.8	-1190.4	20	23	112880.0	0
3524.4	0	27	28	230656.0	0
1995.6	-1528.8	25	29	136416.0	0
916.4	-1079.2	25	30	61408.0	0
3367.6	0	19	24	182624.0	0
3371.6	4.0	25	30	206464.0	0
1692.8	-1678.8	18	29	118032.0	0
768.0	-924.8	19	23	48960.0	0
3876.4	0	20	25	216816.0	0
3432.0	-444.4	23	26	215056.0	0
1691.6	-1740.4	22	24	100688.0	0
4553.6	0	20	29	285232.0	0
5363.6	810.0	20	26	338144.0	0
4263.2	-1100.4	28	27	300496.0	0
1420.0	-2843.2	22	25	87456.0	0
622.4	0	22	26	34624.0	1
3443.6	2821.2	16	26	186816.0	1
4318.0	874.4	23	28	265008.0	1
655.2	-3662.8	24	33	45200.0	1
697.6	0	19	23	44880.0	1
616.8	-80.8	18	26	36656.0	1
1563.6	946.8	24	28	112144.0	1
1558.0	0	20	26	100448.0	1
949.6	-608.4	22	30	59984.0	1
5998.8	5049.2	27	32	374752.0	1
6913.6	914.8	21	26	407984.0	1
686.0	0	15	21	40816.0	1
1274.8	588.8	20	25	82176.0	1
6838.0	5563.2	19	22	369504.0	1
602.0	0	20	22	35504.0	1
474.4	-127.6	26	30	32480.0	1
508.0	33.6	21	26	31824.0	1
532.8	24.8	23	27	33216.0	1
962.4	0	23	26	62448.0	2
4775.6	3813.2	25	27	312336.0	2
5018.8	243.2	22	26	287472.0	2
4319.6	-699.2	17	22	230896.0	2
4056.8	0	13	24	201712.0	2
5128.0	1071.2	20	33	318160.0	2
4927.2	-200.8	22	27	278160.0	2
621.2	0	22	28	36384.0	2
4223.6	3602.4	24	28	263504.0	2
5478.8	1255.2	24	29	349552.0	2
4333.6	-1145.2	25	28	267744.0	2
807.2	0	18	27	47200.0	2
5050.4	4243.2	29	32	333632.0	2
3896.0	-1154.4	22	30	257856.0	2
973.2	0	21	28	58944.0	2
1090.4	117.2	25	29	74416.0	2
5275.2	4184.8	26	29	312784.0	2
6366.0	1090.8	17	22	345008.0	2
855.6	0	20	23	57136.0	3
3912.4	3056.8	27	26	246896.0	3
3994.0	81.6	24	27	258160.0	3
2246.8	-1747.2	27	31	149232.0	3
4834.8	0	21	30	296960.0	3
2111.6	-2723.2	19	24	133648.0	3
597.6	-1514.0	22	25	35136.0	3
3757.6	0	19	26	239888.0	3
2374.4	-1383.2	26	30	156672.0	3
803.6	-1570.8	17	25	44016.0	3
491.6	-312.0	23	27	31760.0	3
3974.0	0	22	27	252816.0	3
2407.6	-1566.4	17	26	143056.0	3
1300.0	-1107.6	17	24	73088.0	3
5564.0	0	28	29	351776.0	3
4412.8	-1151.2	29	30	302384.0	3
2656.8	-1756.0	24	29	166416.0	3
1027.6	-1629.2	19	22	62480.0	3
