0
0
0
0
0
0
0
0
0
0
0
0
0
0
0
0
0
0
0
0
0
0
0
0
0
0
0
0
0
0
0
0
0
0
0
0
0
0
0
0
0
0
0
0
0
0
0
0
0
0
0
0
0
0
0
0
0
0
0
0
0
0
0
0
0
0
0
0
0
0
0
0
0
0
0
0
0
0
0
0
0
0
0
0
0
0
0
0
0
0
0
0
0
0
0
0
0
0
0
0
0
0
0
0
0
0
0
0
0
0
0
0
0
0
0
0
0
0
0
0
0
0
0
0
0
0
0
0
0
0
0
0
0
0
0
0
0
0
0
0
0
0
0
0
0
0
0
0
0
0
0
0
0
0
0
0
0
0
0
0
0
0
0
0
0
0
0
0
0
0
0
0
0
0
0
0
0
0
0
0
0
0
0
0
0
0
0
0
0
0
0
0
0
0
0
0
0
0
0
0
0
0
0
0
0
0
0
0
0
0
0
-384
208
16
96
-160
-352
512
32
240
-144
-768
176
176
80
-288
-448
496
-48
16
-192
-240
288
176
192
112
-592
400
128
48
-16
-768
400
48
112
-160
-384
208
64
160
-160
-544
48
128
368
80
-496
224
16
192
-128
-688
320
128
272
-352
-656
320
176
112
-448
-640
288
48
144
-240
-592
256
-16
240
-256
-672
288
0
208
-352
-784
336
-96
128
-80
-528
368
192
272
-144
-880
304
608
96
16
-576
624
112
208
-304
-800
192
-160
224
-112
-720
336
304
256
-256
-1072
304
304
176
-112
-496
496
208
128
-256
-512
384
112
336
-240
-672
304
0
64
-64
-688
192
-16
192
-240
-704
384
-112
-32
-304
-880
160
208
128
-144
-800
352
336
272
-320
-480
336
-16
80
-240
-720
416
64
304
-384
-800
176
-16
496
64
-688
320
48
-96
-128
-784
352
256
192
-304
-864
224
144
224
-320
-544
368
176
672
-656
-1040
288
64
432
-560
-992
480
32
-352
-560
-1360
736
1024
-112
224
-1296
416
-1392
144
2032
-2608
912
2128
-432
48
-2032
-2736
1664
3952
-1168
1152
1392
1536
3936
-592
-1008
-80
3584
-864
-2688
-4960
1568
-1424
1680
-928
-5168
-992
-1296
-288
-192
-624
448
3664
1168
1856
-400
2528
544
-2368
-1248
-2944
-3072
-3584
3488
544
-656
-656
1056
-2624
-688
224
-480
352
-1472
368
-48
-1200
-208
-480
1376
-2624
1088
-1664
784
-128
-3488
1440
-1296
1104
208
-2480
-704
-1680
-112
64
-1264
944
-1040
2224
-1120
-1504
192
1488
624
-560
-352
128
-720
656
-320
-1376
80
288
240
-1088
-640
80
16
544
-128
-720
160
-528
48
64
-1136
288
-224
-192
-432
-704
464
0
624
-448
-608
480
-32
608
-96
-944
336
-160
240
-64
-816
160
-96
816
224
-816
144
-224
272
-304
-624
496
-112
560
-208
-496
560
0
320
-144
-608
160
-176
592
-192
-800
176
-112
528
-208
-768
528
-96
736
-416
-720
224
-352
576
16
-656
96
-64
352
-288
-1120
384
-144
816
128
-816
240
0
480
32
-832
656
48
624
288
-1024
336
96
432
-64
-768
-16
144
544
-208
-800
80
16
720
-112
-688
32
64
416
-176
-800
208
240
576
-160
-880
-64
-128
544
-32
-880
160
0
464
-32
-640
48
-64
672
-304
-864
64
-96
368
224
-672
208
128
272
320
-224
384
128
-176
1488
-608
16
0
2736
-880
240
448
1056
784
-1040
1280
-192
592
496
1600
480
-2528
-1152
544
-2496
2688
2064
480
1152
1392
2688
-1216
-1808
-1200
-1632
-1952
528
-2096
-432
2176
-1776
-1456
256
3312
-1664
-352
816
1328
-1472
-128
1968
864
-1936
-48
-1488
272
3744
1776
400
-672
576
3440
608
-4048
-1504
-4048
-1776
1408
-2992
944
-4448
1344
1856
-1632
-720
-1248
736
-1680
2544
-176
-864
-2528
-1648
1680
672
-432
400
-2320
2736
688
-3376
-1712
-880
1776
4272
352
-544
6656
1024
-544
1200
-1424
-1232
-160
-1280
-1600
448
-2544
352
-560
-1184
1280
-1440
928
192
-384
176
-48
-32
1040
-256
-224
-208
656
752
224
128
304
-176
1392
-1072
608
-96
320
768
-352
176
-96
288
224
-768
-16
-64
192
656
-896
80
-80
-16
256
-704
0
-32
176
384
-752
-48
-96
368
64
-544
-480
-48
272
624
-544
16
-96
624
496
-496
-272
-128
384
624
-608
-208
64
208
576
-528
144
-16
272
496
-560
-16
-48
432
784
-96
-48
-128
352
304
-176
32
64
624
512
-432
-256
-208
352
528
-176
-128
-112
352
656
-176
-480
-96
256
432
16
720
-240
352
688
-336
-96
-128
496
208
32
-32
-464
448
464
-320
-96
-192
336
784
-304
-160
32
240
304
-320
-128
-112
288
560
-384
-112
-160
464
672
-448
-192
-176
912
928
-112
-96
-160
272
432
-416
-768
784
1200
832
-736
848
480
288
-48
-608
5904
1184
-496
1920
-1920
2080
128
1584
1312
896
960
-6496
-1184
-1392
-80
-2080
192
-880
5632
192
2288
2528
4112
48
-2640
96
-352
1280
2272
-2816
-560
-1008
96
160
1520
-624
-1072
2336
32
-2192
1200
-368
2880
2048
-736
-2016
-416
128
832
-2960
-2064
2752
-320
1136
-3840
1360
1520
1264
-304
-2912
144
400
-2192
-560
-352
-1184
2688
176
-224
-3184
336
-880
368
272
-2544
-368
-32
2112
-336
1696
704
-112
-2400
272
-592
3056
4992
-448
576
-1440
2272
752
1232
2016
-864
2672
144
1328
-2064
-1936
32
480
64
624
224
1488
704
1488
608
-2368
1280
496
496
-176
-176
416
-288
480
976
416
-448
-144
512
480
-352
-16
-224
400
560
-592
-96
-368
1280
1312
-960
640
128
368
304
-544
144
-304
272
112
-496
-64
-304
352
320
-480
-144
-304
400
1200
-624
-144
-400
336
1088
-336
-96
-224
288
752
-768
-176
-240
368
752
-464
-80
-256
464
608
-816
-160
-208
464
592
-416
96
-320
240
752
-528
192
-352
528
864
-576
-32
-496
336
800
-464
-32
-288
432
768
-384
0
-592
304
656
-576
-256
-416
528
768
-576
-128
-400
384
752
-336
-48
-448
224
784
-464
80
-288
432
672
-480
-224
-544
288
640
-384
-96
-368
320
752
-256
32
-368
128
560
-224
96
-208
528
656
-336
-160
-496
320
512
-224
0
-288
176
1344
160
144
0
208
-240
-656
3120
-2544
272
992
1744
176
832
1024
1120
-1872
-2272
-1472
208
-528
-4688
1200
432
-1040
-1136
2624
-608
-6960
-1456
2480
-2688
608
-592
-1920
1904
-1920
1200
-5408
528
3712
-560
-560
-1104
0
3520
1728
-928
-1472
3024
-2992
1536
-1440
-3296
3792
-1024
784
144
-208
1728
-288
-3312
-640
4016
144
2464
-240
-1600
-3360
1680
-1040
496
-1408
-672
192
432
-2096
1632
-1744
4256
-256
-1104
-2992
304
1424
-624
4480
2064
2512
-1488
48
-3104
-752
-2144
3568
-336
-1696
1616
-496
-128
640
-2000
2960
-5696
-1472
1104
-1232
1344
-1584
-176
-1472
880
-1232
-1392
960
1616
-288
-496
-1264
-528
944
304
-96
-528
304
1296
-128
-1584
-528
624
432
1216
1184
-304
992
368
-3488
3584
64
-2096
-1712
-16
912
-896
0
672
-368
784
512
272
2784
-880
-480
-752
-1008
1216
-32
-960
-224
336
912
0
-48
-464
16
384
-304
-272
-640
544
528
-128
-128
-384
16
800
-560
-1056
208
128
992
-784
32
-592
112
592
-32
-160
-688
-176
432
-96
432
-352
-320
656
-176
-192
-528
160
544
-96
-64
-624
80
656
-208
-128
-576
176
432
-592
-144
-784
160
544
-144
-224
-400
0
480
112
-32
-592
-192
672
-368
0
-272
-832
992
0
32
-288
144
432
-448
-64
272
-768
720
-144
-32
-432
-32
400
32
80
-608
-704
1360
48
-384
-448
-160
544
-384
-144
-256
-144
320
-448
-32
-1024
64
336
64
240
-3008
96
976
208
-192
1312
-960
672
1344
-784
-1248
1184
-1408
-720
224
-1664
-2320
2480
-1792
2112
6192
-14976
2224
848
1888
-3136
-2352
-912
2576
3216
-848
896
2784
-400
-3056
3568
-1632
7136
-3696
-1936
-3344
928
288
-1088
1648
2704
-1680
-2096
1456
-3680
3360
-1712
8640
-7936
448
736
1632
3664
9584
3424
-5728
-672
5856
-8304
3632
-5344
4816
928
5920
-8704
1008
224
672
2320
5152
-4720
-1296
2448
-4816
656
6384
-4848
6192
2880
-16
-2688
-1360
336
2144
176
4480
-1968
-3088
2656
768
-624
544
-2240
9424
-8832
3952
3616
-1216
-4016
1136
-240
-3568
-960
-3360
-3040
4352
1760
-1632
-64
-4688
-2272
3296
688
2032
2656
-3904
-2208
3776
-6320
2592
-256
-4656
-2256
3136
-5904
3376
11136
-1520
1344
-384
688
-880
2800
5856
-2992
-7792
-1728
416
832
976
-928
5424
48
-1120
1712
288
-32
1376
4736
-3312
-1520
-2848
1936
1424
240
-2368
-1520
3456
-992
-2336
-512
-128
-8112
32
816
1136
-656
304
-64
208
-304
160
1728
-112
-1280
32
-928
304
-160
560
-512
-768
-336
576
-608
-368
-2880
720
-80
528
144
-816
368
-32
-1104
1648
-2288
864
48
64
-288
-512
816
128
592
-368
-848
304
256
432
-432
-688
624
-208
528
32
-1008
1136
80
64
-272
-736
496
-160
1136
-736
-368
192
0
144
-368
-640
-256
240
480
-448
-1120
144
400
512
192
0
240
-448
352
80
-1392
208
32
160
32
-144
-576
288
224
-80
-656
304
624
544
-496
-720
400
-96
672
-32
-720
240
384
416
-544
352
32
-304
192
-64
-1264
720
-240
448
-176
-768
64
-256
464
-320
-800
288
-144
368
-256
-688
352
144
272
-320
-944
480
48
320
-400
-320
752
64
416
-432
-880
432
192
576
128
-944
736
-64
432
-144
-688
704
208
432
-160
-976
288
48
192
-224
-912
320
80
512
-224
-880
320
96
496
-224
-912
384
224
496
-304
-736
112
48
256
-48
-960
128
96
688
-208
-848
112
224
240
-416
-944
304
736
640
-320
-624
48
112
336
48
-704
-64
192
352
-64
-896
512
80
496
-320
-384
176
96
704
-80
-752
272
16
608
-128
-624
592
-80
464
-624
-944
656
-48
736
-80
-736
112
-240
832
96
-640
16
-80
320
0
-720
-240
0
512
576
-1152
32
48
480
-96
-736
144
-128
528
112
-768
-256
-128
432
-80
-960
-16
592
592
-304
-704
288
208
464
176
-688
384
64
192
-80
-592
208
-128
448
96
-480
-64
160
464
192
-832
80
128
352
176
-832
-64
80
208
144
-592
-144
176
400
-160
-736
32
112
480
304
-1168
96
-48
432
96
-816
144
-112
496
144
-992
96
96
208
272
-912
224
192
416
176
-576
240
-432
576
256
-656
48
-96
384
384
-896
-16
16
256
304
-448
-96
48
464
496
-816
-320
128
480
48
-800
-112
96
464
240
-608
-176
-256
224
304
-704
0
-64
368
192
-640
80
0
512
384
-896
48
-32
448
288
-560
128
-96
336
480
-704
-16
-80
544
288
-640
384
32
384
544
-752
-96
-208
384
416
-656
-224
144
544
480
-560
80
-176
208
400
-576
-64
-96
352
464
-528
0
-192
560
528
-608
16
-368
384
544
-336
-128
-64
464
336
-368
-16
-128
432
480
-352
-144
96
640
672
-288
-48
-144
400
