0
0
0
0
0
0
0
0
0
0
0
0
0
0
0
0
0
0
0
0
0
0
0
0
0
0
0
0
0
0
0
0
0
0
0
0
0
0
0
0
0
0
0
0
0
0
0
0
0
0
0
0
0
0
0
0
0
0
0
0
0
0
0
0
0
0
0
0
0
0
0
0
0
0
0
0
0
0
0
0
0
0
0
0
0
0
0
0
0
0
0
0
0
0
0
0
0
0
0
0
0
0
0
0
0
0
0
0
0
0
0
0
0
0
0
0
0
1920
-224
64
-1536
-704
2112
-576
400
-1312
-1456
2368
-1184
384
-1392
-1568
1984
-176
336
-1120
-1200
2048
-912
256
-1184
-1296
1968
-800
848
-1200
-832
2112
-864
80
-1184
-1184
1712
-576
592
-784
-960
1904
-640
352
-1360
-1328
2096
-384
240
-1040
-1072
2272
-976
496
-1824
-688
2336
-848
64
-784
-1344
2016
-576
768
-688
-1328
1600
96
640
-1488
-1376
1776
-736
240
-1488
-1392
2512
64
1008
-1040
-1312
1568
-400
736
-1408
-1536
2608
-560
0
-1120
-1600
2176
-928
32
-880
-2032
1536
-624
288
-1904
-2144
2128
-688
256
-1184
-1520
1792
-848
320
-1088
-1280
1632
-1152
736
-1840
-1264
2400
-272
368
-1088
-2480
1568
-96
608
-1632
-1776
1840
-256
208
-1296
-1792
2064
-352
208
-1424
-1968
1808
240
-112
-1680
-2128
1872
-752
96
-576
-1392
1552
-928
-176
-832
-1520
1776
-736
320
-832
-1760
1728
-736
608
-1072
-1584
1264
-704
624
-1408
-1376
1584
-960
880
-1440
-1824
2224
-432
-16
-848
-1696
1776
-608
864
-1344
-2192
1328
-512
32
-1568
-1520
1376
-464
224
-1248
-1808
1872
-688
608
-1504
-1952
1296
-336
320
-1488
-2160
1712
-768
-400
-1520
-1952
1456
-624
336
-1376
-1712
1280
-672
736
-1056
-2240
1360
-416
688
-1664
-2032
1440
-816
336
-1584
-2896
1280
224
848
-1536
-2224
1472
-720
752
-1472
-2864
1728
-848
-112
-1712
-2288
1712
-192
880
-1744
-1776
2288
-48
496
-1712
-1888
1792
-368
416
-2160
-2672
1488
-160
688
-1216
-2064
1088
-560
224
-1728
-1968
1776
-304
-96
-1152
-2192
1392
512
-144
-1920
-1920
1456
-112
528
-1488
-2608
1168
112
208
-1024
-1632
1216
-336
-96
-1776
-3104
1360
-128
800
416
-1872
1488
-1040
-256
-448
-3856
-48
800
176
-2336
-6496
4000
4752
-4928
-8208
3840
-496
-1120
-4272
7248
-12016
6976
2368
3104
-4032
-5792
13440
-8512
-6288
896
-13888
5760
752
2752
-23664
-3264
8592
-848
-688
-9408
-8752
384
-4304
3888
-7152
-4784
2240
2512
832
-5616
-4624
1072
11504
-1840
-12544
-7840
2464
1968
-5728
-5152
176
-1024
-5168
-1680
1904
-2592
-2256
2352
1968
384
-2640
4640
-2832
2928
-2528
-3296
4288
-5984
2912
-2096
-5552
960
2880
208
-10576
-5104
4416
8064
4288
-3360
-2880
-416
-640
1376
-1216
-1600
2848
-3328
-4624
-672
-2832
272
8544
-1456
-688
-4224
416
3584
6752
-2192
-560
2144
-2016
752
-3984
2000
3328
-3792
4736
1728
-2080
2144
-224
896
-11040
-4096
2080
-3216
-176
-2400
-4816
432
2096
-3840
1600
2112
-640
3568
-3504
-2256
-992
352
-1680
912
-1632
-2528
576
-656
2272
-2656
-2208
2000
-1456
832
-1472
-3008
1728
224
1232
-4784
-1152
1824
1488
1264
-2320
-2672
2096
720
768
-144
-1952
416
1376
1232
-528
-4576
1344
1264
592
-2240
-1824
240
368
1712
-1728
-3312
2400
1184
2864
-176
-5600
368
1184
720
-2336
-5184
2464
-1520
2336
-1456
-2496
2640
-1072
1472
-2000
-2800
912
1136
1488
-2464
-2656
1504
912
928
-1680
-2736
2256
-2288
1504
-1632
-2192
1696
-576
-304
-1152
-3040
1088
-1712
2144
-2208
-2416
336
-400
1600
-1680
-4704
3568
1216
784
-2352
-2656
1024
256
1728
-1088
-2256
432
-208
3536
432
-2432
1168
48
3136
-1280
-2160
368
-512
2848
-1328
-2160
2800
464
816
-848
-2944
1104
-608
2016
-1440
-3888
2368
432
1312
-1024
-3664
1488
400
3072
-1712
-3168
-336
608
2144
-272
-4512
752
-448
2176
-2528
-2032
672
864
1856
-800
-4384
640
272
1744
-192
-3120
2480
-800
2304
-928
-3488
976
480
304
-704
-4144
2384
608
1888
-816
-1776
864
-528
2848
848
-2544
144
720
1792
-208
-4112
1648
272
2128
-1360
-2624
960
176
1232
592
-3280
640
-752
1424
64
-3152
2144
464
1088
-416
-528
112
160
2512
-544
-2144
1184
1328
1696
-608
-4048
1152
1264
1392
560
-2752
-304
416
944
-240
-3520
-112
1248
1520
-1888
-2800
448
464
-832
896
-3360
864
1440
2016
-1280
-3056
-384
-1184
7472
-816
944
-7024
-832
12512
-10800
11696
9968
-880
5616
-6720
-5984
-23264
3920
4512
19504
5056
4864
5104
1984
11664
-7600
14592
-3584
5808
-15184
-6800
11616
-3808
192
2848
-3408
-7088
688
-1248
4000
3936
-12208
6400
1968
4304
-7968
1024
-2480
1856
4992
1088
-6208
-8192
96
-1648
-6096
1344
2016
3216
13424
544
-288
-2800
4832
-8176
-6448
-3808
3120
-1856
2384
-1968
-560
-5296
-352
-1968
-4896
-2544
3152
-656
1344
-368
-4080
800
4080
1072
-7472
7680
-1888
4224
-1856
-5344
-1488
2064
1520
-3472
16
1360
1600
2368
2112
-752
3472
6560
3744
-1744
2736
-6160
-1584
-1984
5664
-8384
2304
-1856
-1248
2768
-3280
-64
96
2656
2320
-4016
784
-1520
2672
1248
-1408
-640
-96
1136
1984
-1184
144
-496
608
2208
-3680
640
1856
1504
592
-3008
-848
-1056
928
4112
-4128
432
-720
2752
2432
-2800
-160
-2112
1840
1360
-2928
-128
-752
1264
1840
-2288
768
-688
1696
2528
-2288
240
672
640
3040
-1840
288
-192
1520
2512
-3296
1024
368
1792
1792
-3152
-576
-48
1936
1600
-1744
224
-544
1600
1648
-2048
-2384
-1024
3312
416
-736
-736
-2000
3040
3664
-1824
448
-720
-1584
2128
-2176
-656
304
400
304
-1584
688
-1392
1920
1504
-2384
-256
1552
1968
1040
-2944
2336
-688
2176
2208
-1072
-128
-1472
2896
2304
160
1152
112
2096
2304
-1712
464
-464
5280
-416
-1680
-1280
32
1744
1392
-2016
112
-272
2704
4112
-1216
-1184
304
3360
1824
-1856
-80
-2480
3856
320
-2224
-592
-832
2496
1488
-1504
304
-720
1584
1664
-1872
-48
-848
2528
2128
-2416
1008
16
3088
3440
-3456
-576
-768
2192
2656
-2800
992
-800
3184
1664
-1120
176
-1120
3120
3568
-800
-48
80
2560
1808
-1696
1616
-496
2784
2080
-2192
-624
-800
3472
2080
-960
-1760
-1104
3536
5056
-1888
-64
-1504
2160
2016
-1696
-16
-2384
2720
2368
4624
4320
-2608
-992
5744
1920
8448
-15216
2240
7056
512
14944
-256
-14032
6144
-2704
8224
-7104
-3952
2992
-1632
9616
4960
6304
-3600
2544
-6512
560
-6608
-816
-880
-2512
-944
4624
3968
2160
-960
-2336
1872
6016
-11600
-432
-3248
-768
6560
-2688
2592
-3456
2480
6320
-3040
-7152
-7552
9296
4336
-6256
-448
2368
-224
3328
6432
-4272
1760
4960
-4384
-1664
5408
1232
3984
4400
112
1888
3968
3952
13392
-3328
1792
-4272
1856
-912
-192
6112
-2224
4864
4272
32
-6320
3472
6304
-544
-1536
432
-1200
3296
-3424
-2544
3824
3520
8224
-4416
-1808
960
-1632
-448
3552
-1296
-752
-304
-656
4096
608
1408
0
3088
2352
-736
2464
-2656
3168
5680
-4528
2416
-608
928
1088
1776
624
-1440
3456
2432
-5120
2048
-1008
3248
1552
-1984
544
848
-192
3808
-3120
-1424
-1408
1648
2848
-1584
368
-1632
2352
5392
-1840
-976
-1920
1184
2448
-304
-192
-1808
1984
2768
-944
-2256
-160
3168
2832
-368
-528
-3056
1984
2176
-368
1552
-1776
944
2848
272
160
-1488
624
1792
-1216
1776
160
592
3504
-1136
-2672
-2880
1056
3376
-1376
-1632
-1680
2864
2800
-944
-848
-1232
96
4272
-2064
-48
-400
1136
3184
208
-640
-112
288
2256
-208
192
-2448
416
832
-640
-1120
-1440
1024
1776
-1440
528
-2288
-1776
1904
-1584
608
-352
-592
2416
896
-768
-32
-80
1936
-3120
-848
-1984
-208
1360
-48
944
-112
-400
2864
80
3184
-1520
-208
2192
64
-1280
-1728
496
3168
-256
-1264
-2112
-176
2848
-1280
368
-1856
-608
2464
-1856
1296
-4448
-1728
1872
-496
16
-832
96
2832
1216
1968
-384
-704
-1024
-2208
2080
1696
-992
2192
-944
8912
-13472
6240
5248
-5200
6848
-2720
-9088
3968
2512
544
-4768
11328
-10880
2576
-7808
-21968
-11856
224
5840
720
5440
-9616
3024
6544
4816
2704
13216
2240
512
4896
-1952
-4304
-656
-1200
-12896
-2704
-6848
4192
-9184
2016
-3616
1968
6720
-8912
5856
-7216
-1664
-4832
3616
6560
-592
-7712
2960
-10352
17808
-480
-2432
-1536
3200
960
-544
1328
-2384
-8576
6160
-4192
-7136
9040
736
-5296
1248
-8064
2304
-3776
4896
-528
-10192
4368
-7184
-1904
-3648
-352
1792
4704
7280
4592
128
-3360
10496
-1152
-9920
-5536
-6144
-3728
1904
-7488
4896
-9696
6512
-4096
-992
-6528
2944
-2560
1792
3024
-3920
5360
1472
2960
240
-3312
3776
128
1056
-2192
-2016
1264
-1696
944
-1440
-2768
1616
-944
96
-144
-2176
240
-128
-400
-1648
-3536
1136
528
-1392
-2528
-1632
1424
-1456
416
-1952
-2416
2496
-1888
-3568
-1232
-3248
1024
-128
1632
-2176
-2544
832
112
-1648
-2352
-2272
1856
-1968
672
-1360
-2896
2384
2304
1552
304
-2592
816
1680
1056
-2704
-1936
1024
-1568
1152
-1728
-2928
1728
-400
-816
-2064
-2768
1760
496
240
-2512
-2176
800
864
880
-2720
-2176
-1104
240
320
-3040
-2352
1232
-688
1264
-1488
-3088
2816
-272
-992
-1536
-3168
1584
592
592
-368
-2160
2800
-816
480
-2176
-3248
992
96
912
-1072
-2512
704
-912
1840
-1856
-6128
2144
-528
2416
-1856
-3440
1152
1248
3136
-2688
-2768
752
-560
0
-1616
-928
1088
-1728
1408
-1632
-2176
384
-1088
16
-2048
-2432
416
1792
-32
-2480
-4848
2016
-512
848
-1376
-3808
1712
800
1344
-2080
-5072
1920
16
1104
-1280
-2832
1520
-2112
1392
-1616
-4016
1840
-288
1488
-2048
-2576
-208
2240
992
-1936
-2992
864
1056
-1040
-880
-4384
832
64
2224
-1264
-5008
128
11040
4752
-304
-10848
2832
128
1664
-5072
4336
-11616
2096
-14304
-32576
6176
5984
-1728
-2320
-13856
-1712
5872
-7584
-3440
9712
-7504
3216
15360
3376
4576
1472
6704
-16
4416
2720
144
6176
-9024
4352
752
-4368
4976
1664
-4416
800
-9728
784
1024
3088
2976
-4112
928
-13136
1104
8368
-2752
848
0
432
544
-8224
4192
-8400
3056
-1168
-5840
-2560
-5056
-528
1120
-4880
7872
-3424
-112
-1824
-608
3152
1840
4960
5072
-11296
-3264
-2656
1152
112
3120
2288
4208
2976
2352
-1072
80
-3008
5504
3248
-1488
-2928
-3616
4512
-1024
-2224
-928
-496
1376
-2272
-4256
7328
6304
944
1568
-1440
2672
9488
-1664
3568
-1408
-1920
-2512
1024
2528
-2240
-752
1168
-800
2784
-4416
1120
-320
3824
1360
-2656
1120
-224
7040
-3264
-1968
1104
-3648
4320
2592
-9584
6336
-2320
1184
1808
-2528
3200
2352
2224
-32
-560
624
-656
976
464
-2688
1056
-400
2320
1248
-1856
384
-1296
1792
2304
-2416
-192
-192
1344
1008
-4528
256
-416
960
976
-2784
1392
-256
3536
960
-3376
-1712
-976
-704
-432
-4288
1312
32
2080
128
-2208
-288
336
592
3552
-2432
-288
-1504
1808
2320
-928
384
-384
2352
464
-2832
-1136
-2272
2592
2992
-944
128
320
3136
-1184
-1360
1152
-544
2512
1184
-3408
-1312
1056
1568
1072
-2416
32
784
5856
2672
-2368
1648
-688
3344
2112
-2560
-160
-1312
992
3424
-2720
-1856
960
3024
2160
-1008
-336
80
2304
2256
-2288
272
-384
3584
1504
576
-288
-944
4000
2496
-368
-176
-1280
2160
3520
-2096
416
592
2048
1536
-928
-480
-624
3456
3344
-1680
672
-3856
3280
2112
-2768
-2400
592
2560
2576
-992
-592
-688
3920
2240
160
-176
-656
2336
2432
176
624
-2592
2192
4144
-1280
-448
-560
2368
2512
-2544
-288
-208
1408
2960
-2176
-256
-1184
2240
2752
-2128
240
-1200
2656
3680
-1168
288
-1232
2816
2448
-896
128
-1136
1568
2784
-2192
-384
-976
1376
1824
-1216
96
-736
1824
2400
-752
992
-800
2672
1776
-1712
64
-2400
1472
