0
0
0
0
0
0
0
0
0
0
0
0
0
0
0
0
0
0
0
0
0
0
0
0
0
0
0
0
0
0
0
0
0
0
0
0
0
0
0
0
0
0
0
0
0
0
0
0
0
0
0
0
0
0
0
0
0
0
0
0
0
0
0
0
0
0
0
0
0
0
0
0
0
0
0
0
0
0
0
0
0
0
0
0
0
0
0
0
0
0
0
0
0
0
0
0
0
0
0
0
0
0
0
0
0
0
0
0
0
0
0
0
0
0
0
0
0
0
0
0
0
0
0
0
0
0
0
0
0
0
0
0
0
0
0
0
0
0
0
0
0
0
0
0
0
0
0
0
0
0
0
0
0
0
0
0
0
0
0
0
0
0
0
0
0
0
0
0
0
0
0
0
0
0
0
0
0
0
0
0
0
0
0
0
0
0
0
0
0
0
0
0
0
0
0
0
0
0
0
0
0
0
0
0
0
0
0
0
0
0
0
0
0
0
0
0
0
0
0
0
0
0
0
0
0
0
0
0
0
288
-288
-544
128
16
720
-560
-896
192
240
336
-560
-592
864
-144
48
-336
-704
0
-128
720
-256
-656
176
752
832
64
-832
816
-112
256
-448
-464
576
-256
288
-496
-992
576
480
384
-512
-288
256
-80
224
-256
-448
288
-480
272
-176
-912
528
128
640
-368
-800
960
32
96
64
-1120
400
288
144
-304
-592
-16
160
64
-272
-320
416
-80
432
-448
-1264
240
80
320
-272
-720
240
144
656
-848
-848
304
368
544
240
-736
352
-96
368
96
-544
224
0
1040
-912
-704
-16
-176
208
-64
-768
464
64
1328
272
128
512
96
256
-32
-592
-80
320
80
-144
-480
-144
272
640
-336
-432
464
-96
48
352
-944
-272
480
672
-128
-848
400
-400
320
336
-608
896
192
272
-176
-720
-768
16
480
-640
-2640
560
-112
368
752
-3504
496
1056
32
-784
-1104
1088
-1376
416
-384
-160
176
208
112
-1344
608
2032
288
496
512
-480
224
-2560
-688
320
944
736
1536
-1936
784
592
864
-1520
-320
816
-1696
352
464
1632
368
-112
224
-1840
416
-2512
-1488
1008
2000
-1664
-3968
-1200
2016
2112
576
9536
5136
9552
-1920
-4080
-5824
8160
2080
-29808
-9216
-5584
-1872
-720
11184
12384
-5104
544
8480
-832
-1808
3008
-12592
10912
-5120
-12112
11808
1920
15408
10208
256
2624
1312
10864
-10048
-3824
1440
21120
1344
-4176
-32768
640
7280
-8352
11856
3520
512
-8416
-464
18656
-17648
26384
13216
18848
1392
1712
4144
12592
-11520
4944
-5776
-240
14048
2336
11024
1120
8864
2448
5504
12128
11824
4272
544
1664
1952
48
-5200
9040
10208
5968
1536
-1008
-400
96
-912
16
-4160
3792
-5232
464
320
656
-64
112
-352
416
-2544
512
-176
912
576
544
-1056
48
0
-144
2272
32
-256
-512
496
688
-384
-176
80
144
-608
-480
1200
-128
336
64
-208
16
-176
-384
2240
-1072
768
-256
928
608
-208
-48
416
640
544
528
144
-2864
480
192
-464
224
288
1744
1552
-832
-400
-240
464
-176
-240
-3360
272
-624
304
-1024
448
320
112
288
-448
-1056
-720
-128
-544
-128
384
912
608
928
-160
-352
-576
704
256
-592
672
176
208
-1248
-1360
-416
-128
48
576
-832
336
-1888
448
464
192
0
-432
400
944
-640
-144
-704
-128
960
0
32
-96
-352
1088
-400
0
512
608
672
-2720
-1536
1280
816
1648
-448
1328
1136
-80
2352
-4144
-1264
1184
-1296
-1072
-752
-1184
-32
-14864
-1136
1968
-3056
1728
1472
3040
2464
384
928
2784
-1360
-10816
-3808
7552
-3408
14256
1072
-2384
2736
208
-7296
-1888
7744
-3600
128
-1024
9328
9456
14576
-1152
1680
9984
1552
-4160
-4176
3904
-6240
-896
6288
-8432
4640
6688
-1024
7872
3568
9824
5328
8496
13520
-18848
-5168
13168
1520
2736
25344
-24912
-6416
1648
1792
-25472
19328
-10656
-11536
-9120
-14640
-32768
19488
-1600
3632
896
14864
-4784
-576
-48
-12272
-7488
-6192
1536
-7856
3408
-5904
2544
7712
11056
-2288
-3680
5280
6032
2768
8832
3136
-9456
-14144
1904
-2416
-24336
6784
-16704
-10752
-1104
-4112
1920
22480
4832
2304
-8416
1776
-5408
6112
2048
1872
2320
-848
2000
224
-1280
-288
8064
-5296
-224
2928
992
-80
-624
528
720
1520
16
512
-688
256
3168
-176
-176
16
9136
432
-3216
208
1088
1984
112
1968
-4992
1104
-9728
-7888
-624
1376
96
592
-256
7088
-5504
11840
1520
1216
-160
-864
-272
-160
352
-1616
-656
-30032
-1312
1104
864
-144
-400
-1328
-352
28528
-3024
656
1744
544
-112
-432
-1296
3504
-9168
6960
1776
3984
1392
2144
-3520
224
2352
-3168
3360
0
-1424
1088
1104
-2512
-3808
-2496
640
-1536
976
3088
-656
240
800
-5232
2288
8512
-2112
4448
1024
-368
-9824
1216
1232
-2512
-5680
-320
-2640
1296
-1696
4160
-640
-48
-1088
7504
4080
-3248
-4128
6048
-1584
7104
-2304
5536
-3824
-2944
-560
11456
-1888
10224
3664
1296
2512
-5104
-2320
-2048
-4096
10176
-3296
2272
-2768
-5968
-12320
4672
-5360
1856
-5328
208
13392
-2736
736
-1760
-10800
-9696
2976
-11296
4640
-1296
-4768
-5712
11216
-10656
7472
-14112
2144
-22320
-6848
3360
336
-13200
3936
7264
1312
9232
-2400
2224
1680
4480
6160
-25264
-2928
-4016
2784
-8112
-32768
1888
10576
-5232
-656
4160
20800
12672
-32768
-16496
1920
-32768
7808
-6160
7504
-2208
16800
-9776
-3984
-8496
7456
13760
-7392
848
-1648
-2848
13712
3904
2528
7600
10848
-18016
8912
9632
19776
8224
-6512
6848
8144
-5264
-7984
16592
768
13984
3344
14496
-1968
11952
12224
6768
160
-12896
11632
4448
272
-4144
1280
4528
336
5712
-7328
2784
1104
2480
-14480
-3984
6880
-1120
1392
-5248
2368
13248
-11568
-432
11088
-3376
6976
1936
-528
-1056
1120
6192
10496
-2144
-15936
-6800
1056
928
-752
80
928
-10208
-4944
816
1152
480
-1904
1152
480
-5024
16
256
16576
-8144
-3168
-4592
1008
144
-288
240
288
656
7760
-10416
-7152
5760
1264
944
784
-512
-288
-768
-96
5792
-1472
-1760
-16
896
-16
1712
192
2528
-6336
2816
-1376
528
640
-944
1488
-960
-192
-720
1728
2416
384
400
672
672
-688
-624
-3904
4176
-1360
1536
-144
768
2896
1744
-4784
-928
1040
3120
-2832
256
-320
272
-688
2048
1680
-784
352
96
80
32
-3504
256
592
-1680
640
-2080
-48
160
1728
1456
176
320
672
48
816
-112
256
992
640
-2256
-176
10688
-176
1616
1152
-1408
96
864
448
-320
3968
-1344
624
272
-784
1280
64
1088
1424
2528
48
1120
96
96
384
2304
80
112
3264
-2368
240
-832
-2608
448
976
96
-848
5872
80
688
512
1264
-608
1136
784
-6416
1648
992
-1200
784
1264
-304
-1168
2544
560
-288
2992
3536
-784
-3520
5920
640
-1424
-4080
5472
-8272
9664
-22896
-11904
4448
-3952
-7296
2128
-15184
-3296
6400
-4912
-2448
-13872
27008
1776
-6160
-5552
5952
-23792
-6496
16384
-4544
32752
-3264
10192
-1440
-1040
-21984
-16576
10592
2592
-17520
288
1456
-448
14368
-5824
-12656
6944
-32768
-18112
12304
14080
15632
-10656
1728
-14256
8192
15872
-6800
31984
-16016
14240
-14592
6608
2448
640
15424
-11216
-32768
928
-160
-16208
-5696
-1808
28896
5712
-9488
-5648
-816
-2720
-1136
11008
4720
5968
-1440
-32
18688
-1888
-880
1472
5232
-16736
3408
20256
-496
-3488
7232
7360
-13120
12896
3120
-208
10288
-3904
-592
9440
-4736
-7488
13072
6912
-1760
1776
1520
4640
-2000
14656
18240
3520
1120
-48
-32
-14672
3728
-3200
2096
1760
816
-7312
-2896
704
1312
864
2960
-576
1152
-224
-896
464
512
-4464
768
128
432
-288
-288
208
-800
1104
-1024
864
-880
336
672
-208
-240
-208
2576
1088
1008
-2736
-448
1136
-4016
-336
1280
-752
-2480
-992
1280
-752
-368
160
1024
-144
-512
-272
1808
432
-304
-576
-1296
992
-3232
-1920
128
-16
1136
1104
624
144
304
-4080
1888
192
-1200
-1632
1360
912
-160
4176
-1440
752
1312
-576
400
864
-400
-2640
-1216
416
-48
1648
928
-240
-2208
-832
1200
1776
-1184
-368
-976
240
384
1712
-592
-2880
1232
-48
816
160
-640
448
-144
1488
1136
-880
784
656
-816
-304
-1056
224
1088
-640
192
-624
1744
1008
-976
-16
16
592
592
-32
96
-752
848
544
-240
656
-1072
176
832
672
-1776
-336
80
784
-48
80
-720
192
1584
-592
1184
256
-944
208
-320
-128
-816
-80
896
-528
-1472
-48
624
800
-752
816
304
560
-1584
-720
880
-1728
-432
1824
-2016
736
-4096
736
-384
272
-1936
1152
-688
-160
-7344
496
-1312
304
2224
336
-3344
-4400
-128
2000
-3120
3200
-2544
-4320
1040
-832
-128
32
7440
-4560
576
10096
-9152
-4592
2464
-608
3328
-1216
21792
-13008
15824
-19888
15056
9328
-24208
15760
1216
-1088
3536
-2928
-26784
-18048
-6464
-4160
14832
1680
16704
5296
-9120
12640
19392
29888
-6592
-14736
5104
-19280
-1008
-5808
-13328
5888
-31856
-25184
-9552
-1504
6688
5552
1056
5728
4048
-3520
21808
1648
10320
-2960
15520
4064
544
-12784
-11088
14912
-9952
3840
-2704
-144
2624
5696
-880
-19072
-3152
-14160
3568
3648
3856
3040
-464
-6496
3936
4192
-16592
-24080
-13776
-2368
-2064
-512
2688
2224
-2256
4800
-4320
384
-2768
5232
-3968
32
-1168
832
-608
-544
368
-6864
7648
-480
624
-1568
528
192
176
368
-1088
752
64
-240
-416
672
224
-2448
-1376
80
448
0
912
-512
496
-336
-48
336
-944
2240
1120
-2208
224
-144
-544
-96
608
-384
-32
-688
-256
896
-224
240
-592
-192
1104
1120
-48
-368
128
352
-176
-256
-928
384
224
-128
-352
-464
-192
1200
-928
432
-160
-256
96
160
-368
-960
256
48
480
144
-80
1328
592
800
608
-624
144
656
-64
64
192
-816
1008
608
-480
-544
0
816
608
-1120
-336
-832
0
224
-256
-144
-208
0
0
144
128
896
1408
48
96
-496
272
592
-368
-208
-1904
-1008
832
128
368
-208
112
-672
-80
-928
-272
272
64
896
-96
-1232
-1216
864
528
-192
-16
-112
816
-80
-16
-48
-320
-1584
576
448
-2240
-928
-384
-48
512
-464
-528
688
1008
-1168
-224
336
672
416
-224
-32
976
-2160
608
352
-448
624
512
-512
-640
576
-272
160
-64
-800
-1120
832
-1152
320
544
-224
48
784
-464
-96
-320
272
-32
1712
-544
-1376
-80
1072
-128
96
-1040
784
624
-432
-688
-544
272
624
-32
240
-80
-64
48
64
-624
-288
256
896
1344
368
-1024
0
560
-80
-64
-240
992
320
64
2208
384
48
176
-432
-16
-368
-624
192
-2608
-208
-352
112
1056
1104
1024
-688
64
1072
-368
176
-1104
208
688
32
-2592
-256
-512
560
-176
-64
-192
208
496
-688
-112
144
-3312
-688
816
-688
-336
352
384
-112
96
1120
-48
592
1312
-64
-288
544
-256
-304
800
-96
576
624
-128
-432
-512
912
304
-704
1552
-192
752
656
-192
-1200
96
336
336
-544
-496
-1040
640
544
432
-16
-896
-880
896
32
-80
-320
-224
832
-288
-208
352
-1136
-576
688
32
256
448
592
32
-272
-832
576
368
240
-48
-368
-48
112
-320
288
144
304
-160
-512
-1248
144
48
832
-224
240
-976
-32
-48
-448
0
-320
304
1248
-624
320
336
-464
-128
-816
544
-16
352
240
-144
432
480
0
1440
-320
96
-528
-688
1296
1376
272
-224
544
96
-208
-128
-320
-448
-384
-2336
32
128
144
128
-128
-304
-384
416
1328
-400
208
-448
2112
960
-496
-592
64
64
224
624
272
-352
-80
