0
0
0
0
0
0
0
0
0
0
0
0
0
0
0
0
0
0
0
0
0
0
0
0
0
0
0
0
0
0
0
0
0
0
0
0
0
0
0
0
0
0
0
0
0
0
0
0
0
0
0
0
0
0
0
0
0
0
0
0
0
0
0
0
0
0
0
0
0
0
0
0
0
0
0
0
0
0
0
0
0
0
0
0
0
0
0
0
0
0
0
0
0
0
0
0
0
0
0
0
0
0
0
0
0
0
0
0
0
0
0
0
0
0
0
0
0
0
0
0
0
0
0
0
0
0
0
0
0
0
0
0
0
0
0
0
0
0
0
0
0
0
0
0
0
0
0
0
0
0
0
0
0
0
0
0
0
0
0
0
0
0
0
0
0
0
0
0
0
0
0
0
0
0
0
0
0
0
0
0
0
0
0
0
0
0
0
0
0
0
0
0
0
0
0
0
0
0
0
0
0
0
0
0
0
0
0
0
0
0
0
0
0
0
0
0
0
0
0
0
0
0
0
0
0
0
0
0
0
0
0
0
0
0
0
0
0
0
0
0
0
0
0
0
0
0
0
0
0
0
0
0
0
0
0
0
0
0
0
0
0
0
0
0
0
0
0
0
0
0
0
0
0
0
0
0
0
2448
-1664
-3488
720
-96
1904
-1184
-3424
1536
464
2432
-1584
-3760
1568
-256
2304
-896
-3456
1648
256
1760
-1728
-2768
1216
-336
1440
-464
-3152
2464
-352
1728
-992
-3520
1328
-656
2272
-2032
-3168
1280
-384
1728
-1568
-3120
1472
-240
1376
-2288
-2960
1920
880
1824
-976
-3600
1360
-400
2192
-1296
-3824
1312
672
1616
-1344
-3312
2192
224
448
-1680
-3088
2048
208
1920
-1216
-3072
2080
-16
1520
-960
-3184
1184
32
1936
-1824
-3584
1664
-32
2064
-2576
-3264
1728
-64
1568
-2224
-3104
1472
-48
1872
-2912
-4064
1008
32
1136
-2320
-3568
1664
-352
1280
-3072
-3040
2160
144
1136
-2832
-2688
1760
240
1552
-2432
-3392
1712
-48
1552
-2736
-3600
1120
-352
1728
-1408
-3936
1776
-192
1520
-2160
-3632
1424
256
1008
-2208
-3552
1920
-64
2176
-4592
-4336
-208
1312
-240
-7152
-3136
1184
-464
2480
-5824
-7152
928
1104
-2880
-288
-5904
-1440
6864
-3616
800
-5904
5680
704
1744
-3296
-5360
6256
3808
-2176
-1536
-10384
5344
3120
2528
-2368
-1328
8480
2864
640
-2304
-3408
9424
3760
384
-2432
144
-3520
-2736
1888
-1104
1632
1008
-3728
-4288
-1712
-3648
3936
-3824
800
-3552
-2000
2592
-320
-3264
-3088
1664
3024
3840
-2016
-1136
2672
320
832
1840
-4320
-1216
512
-8464
3136
-2896
-7264
3248
3728
1056
-2608
-2752
2832
-1456
5456
-4560
-1248
1376
912
9488
-4176
-7664
4144
-1584
3632
-3296
-5696
2144
8560
4896
-3312
-4352
1552
-1616
400
-768
2000
4992
-5120
448
-3104
-624
6544
3056
928
-3312
-4480
2592
-176
-2432
-368
-2784
3072
-1456
1568
-2240
-3840
1232
-400
-752
-2592
-3776
2960
224
240
-304
-2736
1184
-176
-128
-1936
-2864
2224
-208
-480
-3232
-3360
2928
464
544
-816
-2384
1888
-368
1264
-1936
-3424
2832
-688
48
-2432
-3104
1536
32
-720
-1520
-1520
2496
-272
256
-1056
-3008
1584
816
336
-2768
-720
2080
1216
16
-1568
-2720
1600
784
1056
-1520
-2224
2864
576
752
-1152
-1808
2224
-928
368
-2272
-2752
2592
-16
32
-2400
-2768
2416
-96
-160
-2256
-1824
2400
16
688
-2000
-2336
1856
-688
704
-3184
-2672
1168
592
512
-3040
-1728
2176
-752
-272
-2864
-3584
1280
-928
-496
-1344
-784
1552
944
464
64
-2496
1824
-1712
1904
-1552
-1472
5616
-3056
4992
-5728
-8352
2688
5712
-128
-720
-10848
9520
816
592
-2400
-6496
3312
-4064
-1024
-3312
-2768
-5088
2048
-48
-4688
608
3616
-1808
2064
-1760
-6192
672
-2240
5072
-1808
-2656
6304
592
3712
-2240
2752
3040
-4640
1632
-2208
-4544
5104
1008
2064
-1040
-1456
5040
-4736
2160
2224
-1472
1936
-2160
1440
-1536
-3376
2096
320
-400
-256
-176
1664
1376
-1984
-3632
-544
2272
-2608
1920
-1136
-2240
608
1056
640
-2080
-5056
2704
-2736
-1248
-2464
-2048
3232
1696
256
848
-1760
3600
-11248
5232
-4208
1152
3120
-6128
5904
-128
-2256
2688
2832
1824
5328
-6880
2272
1504
-1136
-672
-1344
3040
2192
-3088
-2384
-304
2832
64
-1840
-4560
624
2688
1520
80
800
2560
7776
-6976
-1552
1408
-672
3376
-1584
-2720
-416
-3616
2128
-304
-112
-512
-768
1840
1744
1104
-1456
-3728
2928
-544
240
-4192
-912
1968
-816
1088
-1728
-736
2256
-64
16
-2688
-2672
2032
-592
784
-1536
-1920
3024
-1120
1648
-2000
-1712
2512
-960
912
-448
-656
2448
-768
-1024
-1952
48
4688
-1280
-1280
-672
-688
1792
-800
144
-1104
-960
1984
-720
-368
-1200
-656
2032
192
1392
-2272
-1712
4224
-1248
656
-1456
-1712
2416
-1424
-752
-1632
-1280
3248
-720
928
-1776
-1696
1984
-1168
672
-2000
-1792
3472
-1648
-304
-3120
-336
2128
-912
800
-1552
-704
2656
-352
-512
-1744
-1552
2768
-448
1408
-2000
-1456
1648
-64
-128
-688
-240
3024
-240
16
-1456
-2400
3504
-2384
4224
-5552
336
880
-2032
-3008
-2544
-864
-656
-2928
7792
-4592
6416
3440
-3472
-1616
-3712
-6048
7280
1120
-128
-3632
992
1520
-336
-1280
-1392
-4800
2336
-7712
-5760
4096
1728
2384
-736
-7088
-1696
-4784
3632
-2880
-1088
384
-2288
6144
-400
528
3952
32
96
-4176
6688
-2464
2304
16
-3600
-3056
-1216
-720
3648
-1056
912
-5088
-256
4288
160
-1760
3408
-3792
2192
704
-672
-3168
4128
-48
832
176
-2544
2816
2528
192
1072
-6736
2672
3568
1696
-2704
-1168
-1552
2112
1072
1232
-3232
2624
3584
112
-368
1568
-1936
5968
-5920
-224
1968
-7216
3872
2816
-6368
-3456
-2928
6944
-2208
800
1216
2240
704
-1088
-2976
-5696
1424
-512
-1760
-1392
-480
-6496
864
10128
4480
-3312
-928
6384
-3536
2688
-5664
-1280
6640
-4192
7024
5376
-6160
4656
5088
-4256
5168
-336
2640
128
-3392
-1360
64
4768
-1952
720
128
-784
2192
1792
-752
-608
-2672
1520
1152
-96
-1968
-976
1680
480
1424
-1024
848
3760
224
-240
-2400
-960
1744
-256
0
-1552
272
1936
-1984
304
-1728
-336
3696
-2064
1152
176
-928
2288
-704
1920
-1776
-976
2576
-384
384
-2448
-1136
2928
-1328
1040
32
-496
1168
-384
-480
-992
-432
2816
-1744
112
-2688
-96
2064
-64
-1024
-1968
-384
2176
-176
304
-1600
-1712
3744
272
1008
-896
-144
1920
-1024
272
-1744
-160
3280
-752
544
-1392
864
2944
-592
48
-1248
-192
3520
-320
864
208
-784
2752
-1248
432
-1984
-544
3600
-1072
416
-2304
-992
2224
-432
640
-2080
-944
2224
160
112
-1184
-464
2736
-4000
832
2208
-1008
10256
-784
2320
-416
1328
13904
1520
-6304
1616
2256
-6096
-624
-1472
3504
-5280
128
768
-2576
64
-3680
2192
-4672
2608
-16
1520
4064
-1264
-4592
3904
-4576
6064
-3520
-2624
-4160
2240
1408
-2336
4432
480
2880
3248
-2352
-1152
-720
-2864
1808
2384
880
-3632
-1104
4288
-928
3344
848
1776
-2768
352
2400
96
-304
-1424
-4656
928
-3488
-3440
2544
-1120
6512
-5520
-1552
5728
-1792
-1184
1456
-4416
672
-928
-1008
-2672
3504
1792
-2720
1712
-3312
1072
4656
-1760
-3088
-3296
-1296
656
-2064
1200
848
3520
-2976
-4624
480
-5376
592
4208
-2336
-160
-2672
3696
3728
-1152
-1664
2176
-400
3952
3168
-832
-1328
-896
4208
-64
-2400
-2928
-1952
944
-4032
-384
2672
-6752
8704
-1648
2576
-128
2096
1264
2848
-784
1760
-3232
496
-1360
-3744
-6128
-13872
10528
-1520
-5088
-2304
-1600
4272
512
2752
-1456
-1344
2768
-4944
1728
-1552
1136
784
256
-1312
-1888
2384
1936
-1904
-2192
-2480
-1168
1680
-1648
-320
-2416
-800
1344
-432
160
-944
144
1968
-1808
160
-2192
-416
3600
-1536
160
-1776
-464
2704
-400
624
-2240
544
3232
-1024
-576
-2560
304
1552
-1200
1168
-1648
-64
2864
-1440
608
-2000
-896
3328
-1296
-32
-1680
112
2672
-112
336
-1776
656
2480
-1760
128
-1488
1008
2928
-704
256
-1552
272
2672
-352
288
-944
-16
3024
-1648
-304
-2672
-208
3264
-624
-576
-1376
-656
2368
-1152
128
-2160
576
1648
-160
16
-1920
384
2736
-1712
688
-2464
928
3840
-3488
640
-5760
496
1248
-2480
-1968
-1120
2624
4976
-2528
-2528
-1584
-1872
-1808
-1824
-7264
7776
4160
-2480
5376
-16112
1856
3680
-2512
-14768
7392
-10080
12064
4512
-7392
-800
7920
-3936
2032
-3600
1824
-1520
-528
11072
-560
3072
1776
1392
32
-2672
-2224
1408
-10080
2672
-2256
2336
-3296
3312
4672
1056
-3328
4736
-640
-1456
2704
448
672
4608
4480
-4416
160
-784
3264
-3664
2816
5680
-80
2368
3664
-3600
4224
144
1536
4368
-3760
1472
-2272
448
4608
-4080
304
-4464
-48
6016
-416
-2480
-1600
-3968
2880
688
-3040
-4688
-1920
3520
448
768
2352
-944
-224
-2176
320
-6448
2352
2320
-1824
-864
-1616
880
6304
-2992
1216
640
512
-272
-2048
2384
3184
-2368
-128
-2544
-576
-3008
2912
4256
-1712
-1136
-1952
6480
2864
448
432
-2848
-3104
3760
-2144
5152
-1584
208
5376
3376
2128
-6096
2144
2432
-1424
1456
-1168
624
2064
4032
-2576
-2032
-5664
3648
-2976
3424
976
6288
-2880
-1632
16
-3104
-912
3760
-864
-3824
-1200
-3616
960
-2544
7152
-2672
-800
944
-720
-1712
-3184
1872
-1024
-336
-608
-1872
-1472
2352
-992
-368
-1408
0
2128
48
-112
-3056
1968
3248
-2032
1280
-1264
1296
1984
-720
-416
-3200
0
2512
880
-416
-1792
1152
2272
-896
160
-1584
768
3648
-96
-112
-3008
544
944
-848
-1056
-768
336
3136
-640
416
-1456
1120
1536
-240
80
-1520
1280
2928
-448
160
-2016
1520
944
-704
-240
-464
1264
2880
-2368
288
-1472
1712
2832
-1184
144
-624
960
3088
-2720
-592
-2096
1296
2336
-1136
-96
-1984
1136
1968
-1520
432
-2800
-112
2624
-1536
416
-1872
1136
2384
-896
-432
-2224
752
1456
-1216
-320
-1472
928
2480
-864
-992
-1216
784
2672
-576
-224
-880
1136
3392
-1248
176
-1632
1024
2048
-400
400
-1616
1056
2672
-1040
-80
-1840
720
2960
-1344
-160
-2208
256
3632
-736
-544
-736
1440
2896
-288
-112
-1856
832
2128
-2096
384
-1904
1616
3440
-2128
-320
-1008
752
2848
-1712
-384
-3168
192
2704
-1184
-112
-1776
768
2976
-496
192
-2176
480
2784
-1008
608
-2496
1184
2496
-1568
-464
-2336
752
3136
-1632
384
-2272
1184
2288
-1072
-224
-2368
1136
2832
-1088
-304
-1168
2032
2624
-1696
128
-1600
-48
2720
-1008
320
-1568
1232
2480
-880
-144
-2048
1136
2736
-816
192
-1760
1440
2976
-1008
-944
-1488
1504
2560
-768
-64
-2880
2016
2976
-1536
656
-912
1104
2816
-480
-272
-1680
1344
2688
-1344
64
-1552
1072
2832
-1824
-112
-2192
1712
2608
-1616
-144
-2256
1792
2704
-640
-176
-1472
1168
2992
-1968
-48
-1312
1008
2368
-1152
-208
-2064
1184
3040
-2032
-384
-1376
832
2768
-1408
-304
-1520
1904
2640
-2144
736
-1952
1216
2720
-2048
272
-1392
1168
2848
-1376
64
-1760
1120
3584
-1712
-32
-1776
1776
3200
-1200
-160
-2336
1456
2720
-1392
656
-2240
1424
2320
-1968
448
-1536
2048
2992
-1632
-288
-1968
2400
3088
-1216
208
-960
1936
3056
-1632
-288
-784
2288
2864
-1792
832
-1280
1952
2640
-944
0
-1344
1552
3392
-1392
-240
-1664
2000
2800
-1552
240
-2000
1888
2672
-1664
-544
-2048
2256
2560
-1824
-432
-2144
1904
2864
-1920
-64
-1232
2448
2608
-1696
32
-1600
2048
2560
-1744
48
-1456
1872
2400
-1600
-288
-1600
1216
2592
-1168
-112
-1792
1632
3360
-1600
-368
-1584
2528
2384
-1376
160
-1792
2592
2784
-1520
-432
-1024
2144
2928
-2192
224
-1264
2032
2864
-1552
176
-1488
2576
3120
-1488
976
-624
2704
3312
-1840
-416
-1664
2144
2448
-1584
96
