0
0
0
0
0
0
0
0
0
0
0
0
0
0
0
0
0
0
0
0
0
0
0
0
0
0
0
0
0
0
0
0
0
0
0
0
0
0
0
0
0
0
0
0
0
0
0
0
0
0
0
0
0
0
0
0
0
0
0
0
0
0
0
0
0
0
0
0
0
0
0
0
0
0
0
0
0
0
0
0
0
0
0
0
0
0
0
0
0
0
0
0
0
0
0
0
0
0
0
0
0
0
0
0
0
0
0
0
0
0
0
0
0
0
0
0
0
0
0
0
0
0
0
0
0
0
0
0
0
0
0
0
0
0
0
512
-2096
-784
2480
-272
288
-1728
-1632
2912
-416
336
-2224
-656
3552
-32
608
-1040
-336
2864
-512
-112
-1696
-464
2464
-512
96
-1696
-448
2864
-736
352
-1264
-176
2992
-1200
192
-1168
-400
2464
-1024
512
-1792
-752
2976
-1200
240
-1712
80
2480
-1152
368
-1904
-96
2800
-816
576
-1040
144
2336
-1136
-624
-1344
608
2880
-896
128
-1744
480
2976
-848
-624
-2096
320
3024
-560
-944
-1648
672
2448
-816
-64
-1696
432
2176
-768
-144
-1904
144
3184
-896
416
-1856
416
2064
-864
-512
-1216
1392
3136
-1120
416
-2176
1184
2928
-992
288
-1584
1280
2832
-960
496
-1136
1120
2768
-1376
112
-1280
1584
2736
-1184
-64
-992
1808
3440
-1984
320
-2048
1600
2368
-1312
-352
-656
2096
3264
-1024
-384
-1696
2032
2272
-1856
-32
-1920
1600
2704
-1424
-144
-1728
2560
2272
-2000
-512
-1328
1936
3264
-1312
240
-1888
1936
2432
-1328
-128
-1664
1696
3072
-2160
144
-1536
2176
2896
-2240
-208
-1408
2496
2432
-928
-240
-2016
2368
3408
-1664
336
-1408
2800
2800
-1712
-912
-1760
3104
2976
-2144
-112
-848
2752
2368
-1952
192
-560
3264
3056
-1712
352
-1744
2416
3232
-1744
-544
-464
2768
2896
-2320
32
-704
2032
2528
-1664
240
-1296
3296
3280
-2736
208
-992
2416
2688
-2272
-480
-688
3136
1968
-3072
192
-736
2688
3568
-2144
-368
-960
2752
2512
-2672
-512
-464
2384
2912
-2432
-512
-320
4016
2528
-2352
144
-1008
1776
2288
-1664
704
-656
2160
3152
-2144
160
-832
2208
2576
-1328
304
-864
2064
1680
-2240
880
-48
2000
1968
-2352
-208
-384
2720
1728
-1872
864
-896
2624
2336
-160
3984
8960
800
368
-1856
9040
-10496
7104
7488
9616
-4096
-2384
-1536
17872
-15088
30656
-992
5440
11648
-32768
-15216
18480
-4176
7984
-32128
-3024
4672
2928
-19952
-14544
10720
288
14160
7088
3664
-3136
-30384
-13952
-32768
-576
2816
1296
4384
4928
-13488
8144
-8336
3696
544
-4608
1952
-784
896
-4032
9024
1792
-11120
4752
-848
-7456
17664
6656
-4464
-3168
-17888
-4752
-1824
-6816
688
-5840
6320
4624
10288
-2400
-1792
-4384
-8832
5936
1584
-1440
-3584
2752
10112
48
-3664
-1680
-7072
464
-3536
-1600
192
2480
1856
448
-4032
-768
-1728
-240
-4928
-6608
400
-3712
912
-1072
-2160
-688
-2880
1728
-304
-3200
1104
96
4064
752
-2896
16
-416
1264
2416
-1968
2528
480
1728
2336
-4432
1824
-464
704
1984
-4928
576
192
2336
-1600
-2112
2288
-608
3280
-1632
-4624
1712
64
1408
-1616
-2720
1488
32
1824
-1136
-4176
1152
-816
1808
-2368
-3360
528
1440
1312
-800
-3600
416
608
1712
-976
-3936
1088
-16
2032
-1856
-3200
3424
928
1984
-1072
-2944
1008
992
1328
-608
-3728
1104
-128
176
-1216
-3360
1280
-176
2352
-2656
-4720
1024
464
2224
-1824
-4560
1376
1200
928
-768
-4256
1744
656
944
-2032
-2736
-48
-96
1744
-1936
-3504
1392
-352
880
-2480
-3424
2640
-288
1968
-3776
-3280
496
368
912
-1904
-3312
720
-2960
1088
-1696
-3520
2256
-2736
-2800
3632
-5408
-2864
-13776
3952
-3232
10512
-31200
-17744
18816
-32768
-4112
-32768
30256
-8608
11232
-32768
-32768
26592
-16080
30096
-20256
592
-5520
688
-26208
-13344
-19008
-2000
-5408
1488
-1552
22720
-4448
10176
6048
-7904
13776
-4512
3584
2256
-9712
2144
-12432
-5712
624
-5872
-1920
-2816
-2384
14256
-12288
15536
-848
256
-6960
1520
-4032
14944
3728
2448
-240
-3728
7392
-2576
352
19872
-1744
-2960
3840
-2912
-1792
5216
-1936
3712
-6224
-6752
7328
608
2928
-9296
272
-1072
8880
-9696
1536
-6288
-10928
-1552
-2400
-4368
-3168
2000
480
-6560
7712
-4816
-1904
-6656
2048
-528
-944
-15712
7952
-1424
3344
-9872
-2272
1040
3552
-12944
6288
6624
-112
640
-2048
4128
576
-3968
-2304
4192
2304
-768
3376
-1088
-2768
-128
1424
-6560
6496
-1184
-1760
2832
-1696
-5552
-2400
736
2224
-336
432
-4336
992
4720
-1936
560
-1680
368
2544
-2192
1312
-1152
-352
3024
-1936
112
-1984
16
2624
-432
608
-2448
800
4320
-2528
-64
-1616
-496
2400
-1504
192
-3120
-240
2208
416
672
-2064
560
1984
-656
-224
-1024
320
3616
-1120
288
-1888
1456
3680
-1424
240
-1456
1296
1824
-560
-720
-944
816
2288
-816
-192
-1072
1216
3040
-1024
928
-2288
1728
3552
-1968
64
-3584
736
3744
-608
80
-2656
576
2864
-2112
2512
-2272
1872
1952
-272
-608
-2016
3216
1872
-3104
1456
-1392
896
1232
-1344
-32
-3360
1792
1328
-5808
2272
-7664
-800
23440
-32768
4032
-14704
30016
26672
26288
-18512
-4272
-32768
27472
-32768
-32768
1760
10704
-11344
2480
96
1232
-6704
-8480
-18480
18224
5008
-17744
3328
-2640
-1424
-32768
1664
18560
-112
-4784
-16352
7728
9344
-752
-5184
2240
5968
896
-4656
-2464
4848
1488
13264
2896
-5120
-3984
8992
-3312
6096
7040
-15664
2528
9216
-3424
-2624
-4752
5856
8688
4704
528
-3472
1536
4336
1872
-5648
-544
944
-880
-6816
-320
-3920
-7472
3936
13040
3072
-3184
-160
2480
-6112
80
-5824
1120
3520
-4528
5216
-832
-12960
4944
-16112
-4720
-5232
-1280
-3536
2992
-2416
1184
-4832
12512
-7120
5456
10768
816
1600
-11040
-8384
-336
2672
3136
-208
-10336
5216
-1344
1168
-304
-1024
3760
3344
2032
-3408
-3056
-944
1664
432
-176
-1280
-1792
6128
2672
-3184
1952
336
2688
3024
-624
1040
304
3600
4448
-208
-192
400
2832
1760
-2256
-448
-1792
2864
1504
-976
656
176
2544
928
-608
48
-2304
2416
96
-512
96
-2416
2688
-928
-1504
576
-1440
1424
1936
-1360
832
-656
832
1760
-2752
1056
-1264
2064
1264
-6800
1136
112
1040
1232
-3664
2208
-352
1136
928
-4240
-176
528
4944
2240
-3696
1648
-1024
3200
1072
-4256
688
-144
1568
-1392
-3984
944
736
0
1424
-3488
208
-112
3424
560
-2432
352
-592
1648
-80
-4336
2256
368
1568
2320
-3968
336
-544
2544
1584
-4096
-848
1424
224
528
-1776
1888
1152
2848
3904
-3376
1568
-2176
1936
-48
-2720
1840
992
2080
1568
-4752
-1424
-1232
1168
176
-4208
256
-288
864
2272
-4784
128
1552
720
-512
-4032
-1680
-4192
3728
-2464
-2192
2928
5104
-32768
-12592
-27664
944
-1824
-10048
24000
20192
10592
-6144
30304
18272
-2368
2224
6784
5088
-2048
-10432
9408
-10128
-20240
-6672
400
-688
-6720
5344
-4240
-560
112
-8960
3168
-848
-6832
-1904
4320
-1840
176
-5568
480
10240
1616
-7296
14304
-1616
736
3248
832
-624
-5440
-2272
9968
-1696
8736
-4112
-2560
848
-656
-6448
-1408
-15312
-3824
-8320
-1600
4752
848
-1536
4224
-4656
10832
3824
-3088
1312
5840
4384
1120
-2480
5712
-7984
1216
-2112
3872
-2608
-13472
11760
-944
17488
-2656
-4224
-8352
-4544
864
-5648
-4320
4928
-4240
-9664
-2960
4384
6080
80
7456
-12832
-7744
-3264
4128
7632
-6032
1360
-128
912
2608
-8416
-10560
1520
-3712
-1968
2832
-6944
-2416
-2432
5040
-7616
-2400
1184
-2832
2528
-32
-2496
240
5120
-1936
2800
-640
2880
2912
240
-3296
-5296
2176
2992
-1840
-2336
-928
960
560
-4448
-1968
-448
5040
1152
272
-1104
-1040
2608
-2256
192
-1648
-2608
1280
352
2224
-2272
-1696
-1232
-2304
1072
-1056
-1632
1136
-976
-1664
-272
-1424
-2288
352
-416
-800
-2624
1328
1376
1104
-1872
-2160
2080
-2416
1712
-560
-3648
1808
912
-1600
-2048
-1440
2352
608
2080
-4688
-3936
880
-768
-1216
-1392
-1120
192
592
400
-576
-2816
1776
-2704
-896
-3984
-304
3712
-928
-64
-4288
-752
432
-4512
1808
2272
-912
224
-384
3104
-2512
-112
2880
-5296
-1152
-1408
3040
960
208
-512
-2320
3584
848
-2864
-1120
-6208
-992
640
-1792
-1280
-1904
416
1248
-1344
-944
-864
-1440
1920
-2928
2800
-2048
80
3552
992
-1824
-1600
4608
-496
1264
-992
2128
3056
-192
-1248
-4016
-1040
192
3056
-1856
-3376
4304
1680
1696
-4352
-1840
-3600
4480
1120
13488
-10752
-16928
-6512
9264
-1856
-9152
-10720
-32752
-19136
12400
-18144
-17088
-32768
19472
9472
752
-32768
23568
-8208
3904
80
-1888
-17952
5376
8464
-1712
-10736
-21040
15552
-2176
-13280
11072
-11824
7552
96
3488
-1504
-14304
-3328
-2208
-12720
15792
-3744
-736
-7296
7408
3056
-5936
8928
-5280
-1632
4192
5184
-704
10544
-1520
7824
-1984
-2848
-1408
2176
14928
1440
13648
976
-9792
-3872
1600
2608
-4160
-1136
9856
-7168
-3728
-3328
-11328
2608
3216
3200
1168
-9104
5568
-2512
3152
1312
48
-2208
6368
560
-5568
-8432
-336
1280
16672
-5552
-3664
-2992
7328
11040
-7056
-1248
-2240
4592
2320
-2800
688
7280
18896
-2432
-7648
-2512
3616
-9712
3488
-1472
4080
2720
2576
-3152
-5920
-6048
11584
2544
4192
1232
-1728
-1616
1600
1168
-512
-960
-4816
1216
512
-6128
5088
-3136
2368
2688
-5968
2192
-2144
-1328
3552
-5488
-3152
1504
2800
1648
-4960
1024
-2544
3328
3408
-1232
-2208
-272
-656
3568
-3888
1744
-1888
4208
3440
-2528
-784
-1904
-448
1152
-3600
208
-1808
1696
848
-2160
-1104
448
3200
1680
-1984
0
-1584
3424
2624
-1840
-1184
1216
2288
1584
-2464
-1008
-1328
2016
3472
-1632
320
944
-256
1888
-1008
1840
-1472
3616
2704
-2880
2704
-624
2544
1728
-3408
-368
-256
4512
464
-4080
-832
1424
2192
3520
-3488
-80
-2400
2912
2288
-5360
2032
-976
1328
1776
-4016
-832
1696
912
-1216
-2432
624
-48
2160
2864
-3456
112
-48
-528
1840
-2864
240
-832
2848
2224
-2432
816
-1136
3392
1808
-2208
-224
-928
3056
1760
-2768
720
1200
2144
624
-4976
1504
592
2320
1088
-3520
1312
-288
1072
544
-3728
-816
-720
3264
1872
-3616
1808
960
1808
656
-512
2496
-96
2384
-992
-2400
1568
-16
2320
528
-2848
112
-1920
3680
448
-3616
-1984
1328
1952
-592
-3200
1280
-48
2144
-1648
-3680
-368
-224
2736
672
-4928
1456
912
1520
-768
-5632
1408
544
736
-848
-1600
400
-80
1936
-592
-2240
1584
-336
2336
-1408
-3184
2320
304
2880
-1040
-4000
1808
80
2064
-992
-2576
864
32
880
1168
-2096
1408
656
2624
-784
-3232
800
-576
1984
-1728
-3376
16
48
2528
-816
-4144
-144
1488
1072
-1600
-2608
656
-224
1344
-1280
-1328
1904
-336
128
208
-4048
1552
-1152
3104
-240
-4384
128
208
3312
-2768
-3744
2848
-256
1616
-2064
-1792
1232
-1968
1088
-528
-3200
832
-976
2352
-1600
-4432
-288
384
3152
-2512
-3216
1760
-112
720
-2912
-2800
1472
-1296
2496
-1200
-3328
256
48
2400
-1968
-3248
2992
-208
368
-1072
-3168
768
-160
1808
-1520
-3840
2656
1312
1312
-1888
-3088
1200
288
832
-1392
-2896
1504
304
544
-2880
-2976
992
160
1520
-2176
-3936
2096
544
1904
-2832
-2608
1632
80
992
-2736
-3504
1344
384
560
-2336
-2992
2032
-16
16
-2096
-2512
2368
-704
1808
-2400
-2400
1792
512
1536
-2400
-2480
720
-464
1904
-896
-2880
1824
-1440
2272
-1680
-2592
48
-1248
496
-2496
-2288
1840
-352
288
-2480
-2848
1552
304
-320
-1456
-880
2080
32
544
-1424
-2064
2304
-624
1216
-480
-2048
2736
-384
592
-2688
-2064
2176
-608
16
-1232
-1776
1696
-496
992
-1600
-1456
2640
544
128
-320
-1632
3184
-320
-144
-976
-384
2736
-768
256
-1328
-704
2912
-800
-64
-720
-112
2608
-960
-240
-1776
176
2864
-768
624
-1696
-672
2256
-1872
-64
-1504
-192
2656
-1120
-192
-1952
-96
1520
-448
576
-1456
-688
2496
-2032
304
-1136
304
-576
-192
-1504
-800
3328
-704
-368
-2656
1952
