-48
-288
336
-32
-160
-96
-304
-128
-96
-224
-112
368
-416
-304
-400
848
-144
-16
-384
-336
432
-16
64
-304
0
256
128
-16
160
-32
240
704
112
-624
1840
-384
-352
-128
-160
-176
240
144
-32
-240
-288
768
-1392
912
-768
144
224
-176
304
-160
-336
416
96
96
-144
112
2448
-720
-112
-304
-160
1024
-192
80
-288
-304
224
96
-192
-2688
1648
48
208
16
-480
-304
208
-16
48
-160
-256
208
-192
-320
-192
-32
-1408
1728
-464
-304
416
-128
-224
-32
-224
-64
368
-176
-2528
1712
-96
-656
-240
32
-192
240
-112
48
1760
-1056
160
192
-320
160
-304
-64
384
-272
-112
1504
-496
304
-96
-64
-272
48
208
-416
-288
-144
-16
1680
-608
-48
-176
-64
384
144
-848
-32
-192
2288
-400
-304
-128
-32
256
-208
-256
-16
256
2464
-1392
-192
-176
160
384
-32
-448
-192
240
144
0
-1440
272
-256
1200
-464
-64
32
272
336
-224
2096
-1040
112
128
64
-336
-112
48
128
-800
1904
-112
-112
496
-208
32
64
240
480
-368
1360
-1120
-112
208
-336
448
592
160
224
-592
-80
-208
128
224
-576
-144
48
240
608
-384
1408
-1248
64
1168
-480
80
-176
64
224
-224
96
-416
240
16
-480
480
-32
448
800
-304
0
1456
-896
-16
-304
208
-32
416
240
-112
1488
-976
160
240
-304
656
-144
144
2256
-704
-256
-144
352
768
48
-160
112
816
-240
-208
-976
224
320
240
-480
80
-224
1824
128
-352
80
416
80
464
-112
-64
-320
-48
2176
-1136
-1200
224
400
16
-656
-80
-128
32
416
-400
1376
-928
-48
640
-448
48
128
320
528
-336
-32
-1376
1984
16
64
-128
-176
192
80
-272
160
224
320
160
1648
-640
-272
176
256
-192
-336
32
256
-464
-416
-1152
2160
-352
-64
-64
0
-192
576
208
-320
-32
48
48
544
240
0
32
368
2496
-1072
-288
-48
160
272
-208
-160
16
336
48
-96
-272
32
144
-48
-336
-96
240
384
96
-64
-208
112
1488
-816
-240
-96
80
-176
-160
-528
336
-304
352
0
-368
-96
240
-96
-64
944
-176
-160
96
-1056
-272
208
-224
256
-32
-112
-256
0
224
-80
16
-64
128
448
-2320
688
-176
-16
208
-304
-736
2224
736
1376
480
80
-2448
4576
2912
1568
-2800
944
5408
-656
-272
-576
-3568
-848
592
-1392
-208
-1072
4384
11008
-8208
5680
-5360
-1872
-2192
-6544
-4464
-1936
-6528
1968
-2016
-4128
-7024
4464
208
3136
-496
14080
5232
-3712
-3776
-3248
224
4224
1728
15920
3760
-5184
-11008
13536
-3920
112
2800
-5264
23184
-880
-5248
-6496
-9984
-2320
-3152
-320
-3248
-1696
13760
-848
2928
-1888
1248
-2240
416
-3776
9552
-3344
800
-4032
-1264
-720
-160
-288
720
-2544
2672
1104
-384
-448
1072
-224
992
-768
-256
272
80
320
-432
0
3456
-576
-704
528
-528
-256
-640
832
368
-112
2112
-672
352
0
512
-256
432
448
-176
224
-624
96
-3312
1568
-512
-480
-928
560
80
-128
-736
80
-16
0
1408
-1200
64
368
-1248
672
-496
432
1440
-416
-640
160
320
-352
-256
-352
1120
-688
-464
128
-240
-576
304
304
576
1504
1280
384
-2608
192
-352
528
-640
1232
-1312
-144
624
5376
-4400
-1840
1424
-1360
-320
-2704
1440
80
720
-960
-1456
64
-3264
-576
4416
704
-5728
2336
-2272
2160
4928
-3568
560
-1232
-6064
7616
-1216
-1664
-7312
7376
-5040
4592
-6096
4112
-2592
5408
-160
-784
-2160
3376
-7584
720
-3760
3440
4976
6336
-3552
-3280
-2000
7632
4304
-2992
1760
-5040
2816
1536
-3536
6048
3280
-2608
2048
-3280
1360
-2416
336
-3840
-1440
-4384
1344
5440
-8048
640
4320
-512
1664
704
-2080
10112
-1296
1296
1920
-1200
-352
2672
-672
-3008
-1776
21232
-1696
576
-592
-144
-4256
2720
576
656
-800
2160
-2096
2992
-592
144
-48
528
-1744
-816
-544
976
208
400
-912
-432
48
384
128
528
528
-672
3824
-464
-592
-304
-480
-96
0
128
-288
-1856
1520
-960
208
1504
-1024
304
480
144
-528
-240
2448
-272
576
16
-544
240
912
-224
464
2320
-864
-448
0
544
0
32
1312
-192
-640
704
-2352
2208
112
-48
736
192
-160
-480
-864
-592
-432
608
-320
160
112
720
-352
-2112
736
-96
112
-1088
-1264
-16
320
-624
-1584
-464
-800
608
288
688
-256
-448
-2896
2720
-368
-224
0
-1680
2896
-1040
4816
-2400
-880
-192
592
-464
1504
576
-192
-256
4208
768
1040
-1296
1488
-1648
4896
-576
1056
336
48
-1888
1680
-288
960
592
-1936
11664
352
-1424
1008
-2032
464
-3232
8352
-7824
-1728
1136
-3072
11472
-8304
-1952
320
3104
3904
12528
1088
-496
-2480
-9088
5568
-5680
7392
7744
4912
8800
-9456
-2304
2352
-4896
3376
-4656
3536
-8928
4336
-5648
12832
-7920
8320
-8400
3568
4880
-4256
5296
8784
-15840
-4816
1248
-6912
10640
10496
-8272
-7552
11280
7792
-11968
7776
3696
-1392
7744
-6448
-5632
-9120
-14960
18832
-9120
656
2640
11392
1024
5664
-2464
4864
-15360
5248
-3152
-32
15296
-4496
16112
-4272
-640
5632
-10496
1152
10080
-6032
2528
-2976
5424
-23312
15520
-752
-4832
0
-5840
4256
512
3120
-464
-672
-3152
-2720
2272
4048
-11296
3696
2512
-6048
192
-8096
2720
-3488
832
-1120
7152
-2464
992
5344
-3776
-5632
-4368
1984
-1440
-448
1184
-1952
4544
-2432
-272
16
-400
-6560
2688
-48
1152
2944
1712
-912
1840
-1200
-880
800
256
816
4944
-2048
848
2208
-656
-480
432
-1200
-176
-400
-32
144
3216
-656
-496
-1056
6640
-192
-1792
-208
-2704
1712
1392
400
-7088
16
-608
-1408
-512
112
-848
2160
-2800
2544
5856
-720
-976
-656
1168
-672
-928
-16
-1840
48
-512
1088
704
-400
80
-2432
864
-1712
1360
-720
-800
-32
-48
336
-864
1552
-1760
-1152
-384
48
448
-1984
0
-784
2816
-1072
-112
-432
-1616
1456
1536
-2160
-352
32
-2832
1216
-688
-1872
2208
-976
2096
-4672
10704
-3648
4704
-2400
8560
-4672
-17872
6608
800
7136
-8656
4816
-4608
1536
-2032
-1984
13328
-1152
20032
-1392
224
10592
-17888
976
-1328
4768
-10976
-10720
-10192
-18096
-1472
-5152
-7200
-3712
2000
944
-1440
14288
5408
-9792
18352
-4016
-6672
18240
-3472
-6336
4960
-15680
19024
-10368
-3616
-944
-6304
-9008
5776
7248
-7104
7632
4304
2208
-3888
3776
-2352
-2448
-912
-2736
14320
6256
-6160
-3600
-6848
-7840
16560
-7168
4096
14128
-2240
-6672
-7232
-5808
4512
8176
3712
-4320
-2400
-1680
-4624
-11744
1536
-3952
5216
13104
5856
3232
5808
-11776
-16
8592
3792
3232
-4480
-880
-6672
-2336
-3072
8624
-288
-3888
8560
3408
-3664
-2848
4960
8624
1712
-3664
-496
-3088
2144
-6112
784
-528
-5792
1744
-2560
512
-1568
-2640
2224
-928
0
7024
208
880
-96
112
432
3536
2432
-1088
-576
-3104
-1008
64
-2080
7968
-1056
-1008
1536
-1568
-80
-288
400
-624
-288
-2512
1856
1184
-688
-576
1712
448
-112
128
-352
480
2304
-1616
-320
-2080
656
-16
-464
-80
-224
416
-176
4976
176
-1584
-1104
528
-864
-112
256
1376
544
-400
-1392
-592
-240
336
224
0
96
848
144
704
-480
-816
-752
48
368
-880
-1888
0
400
-3504
512
-928
560
240
-64
-896
-240
2496
-80
-3136
1520
400
304
-32
-336
496
544
432
480
-32
-1056
-512
224
3616
-496
1728
-864
-208
256
288
144
-1552
-2880
4320
-1056
-160
-688
80
528
-1120
1632
-304
160
32
-64
-2832
-944
-240
80
48
-2208
-464
-3264
-1344
-3920
2608
-4528
2656
-384
-1504
-2608
-112
-4000
4256
128
-2064
-2992
-7728
14240
22416
30784
-8976
1808
-9280
320
-4688
-1376
3280
96
-1360
-5952
-9152
-2064
12944
3856
-5376
9072
5504
-7808
3168
20128
4736
-9360
-15152
-1840
-6416
-1152
13520
-7616
6192
6560
2080
-17360
8416
-10816
-5088
1344
-1456
6592
7456
-16032
-1280
-11872
-5248
-560
-1488
2608
-14112
3088
-12960
12704
544
-3872
-5728
-11200
-9632
4624
-17056
-4784
3456
288
-6080
-14448
-3136
5200
5008
528
-2080
2688
-8160
-3968
-1808
12512
2672
-672
-7888
128
2016
-3456
-10288
19024
-9648
-5968
25600
-2880
3264
-15120
5504
-512
-3920
13648
-4928
7328
-1920
1392
-2400
1392
10736
-1456
-1392
752
208
864
544
544
-7472
17488
-5152
-2976
-1344
224
384
1920
-3088
7648
-2928
1760
-992
-544
-224
1216
-1040
-2240
2464
640
-416
144
896
-1040
2368
-880
4192
-608
-432
-1792
-256
160
352
3280
-48
-864
-1152
112
336
-144
64
496
-432
-496
32
80
-608
96
-304
-320
768
800
384
-496
272
2112
944
608
-768
-176
-272
48
320
-144
-496
64
-3120
1888
-608
-304
112
224
512
-192
144
-64
-64
656
-480
848
-176
-80
656
-48
400
-80
272
-704
-1184
-112
-768
0
0
528
592
-64
432
-448
-112
-2784
1952
-736
16
-528
320
-128
720
-336
-1072
64
-480
256
-432
1568
-272
-160
528
-160
208
512
64
512
-192
-432
352
-192
-128
112
-96
-112
368
-112
-272
-816
-3104
1696
0
-720
112
-944
448
416
-240
-144
-128
-1264
1024
-512
-528
624
560
80
224
-3040
1088
-512
864
-144
-352
-192
288
2000
-1040
-656
-608
256
-96
-496
-784
304
192
320
464
-112
432
-656
-208
-192
-288
320
-992
448
-608
-288
624
-880
160
-144
192
-272
-496
448
-112
-928
-592
64
-2480
1200
-128
-112
-352
304
-928
-96
80
-544
16
-960
-624
-592
240
400
-64
-80
-144
-112
400
-448
-512
160
400
592
-528
-368
240
336
1568
-1584
-336
80
-176
64
-144
352
16
-720
-544
1344
-1536
-544
-144
96
-320
-16
-32
-320
288
-192
-864
1792
-416
-832
-304
-512
880
560
0
-624
-384
320
-704
272
1296
-400
-16
112
688
128
96
-80
144
2496
272
-16
-208
-208
352
-352
-672
688
-128
800
-80
-288
384
32
352
48
-512
256
-80
-1072
1472
-512
128
-112
-368
-224
-192
272
240
-368
0
-128
704
-288
-752
-272
-192
1056
80
576
480
-624
16
64
192
64
-448
224
1776
-944
-288
-240
-16
208
256
48
32
352
-112
2272
-848
-352
176
80
96
-96
-560
592
16
1264
-96
-592
96
-480
-512
-608
-208
-32
224
656
-112
192
352
1616
-416
-560
-80
-208
-272
720
-192
-96
128
-208
1920
-1376
-480
-16
-464
-224
-1200
-944
1344
80
-64
-1264
848
368
-512
-480
-528
-752
-2944
10064
320
8528
4080
-2720
2848
-2032
-3728
6688
3824
-6928
-832
464
-304
-928
-128
-18608
-608
960
512
-7168
7632
1440
864
-1728
1696
7072
5984
-6448
2400
-4000
4464
4672
-3984
-3120
-480
-448
-1344
-5808
3936
-7360
-3616
-4832
-4080
-9152
-2656
2304
-2704
1776
-11312
-992
992
-4560
-864
11760
-4224
-144
2304
-880
-2144
2416
3168
-1104
-592
-5744
4416
1776
752
-5072
-240
5296
-1728
-5504
-4640
1616
-3168
-784
608
-112
240
1040
-144
-32
-416
-304
-256
-2896
3440
912
-992
-1056
-240
1312
-192
480
448
880
-416
-752
112
-848
80
-448
272
672
-240
-352
-944
-48
832
-1008
304
1088
-384
160
0
-48
-144
560
416
-752
-16
-384
144
816
-416
-480
2032
32
32
0
208
-128
-96
-1136
1120
-352
32
-272
464
-320
-80
-112
320
640
-144
144
-864
1632
80
-144
160
-160
-240
320
-32
-432
-112
336
144
-272
32
-368
-96
16
-272
112
2080
-512
16
-800
112
416
320
464
0
-304
224
-64
432
-400
144
-48
-96
336
-512
-32
-16
80
528
-448
-176
48
96
64
-32
-48
-80
256
224
128
496
-448
-96
288
-112
-368
144
384
240
-480
48
-208
2480
-528
-288
560
-128
-112
144
48
-240
-224
16
240
-240
48
64
528
-2560
1456
