0
0
0
0
0
0
0
0
0
0
0
0
0
0
0
0
0
0
0
0
0
0
0
0
0
0
0
0
0
0
0
0
0
0
0
0
0
0
0
0
0
0
0
0
0
0
0
0
0
0
0
0
0
0
0
0
0
0
0
0
0
0
0
0
0
0
0
0
0
0
0
0
0
0
0
0
0
0
0
0
0
0
0
0
0
0
0
0
0
0
0
0
0
0
0
0
0
0
0
0
0
0
0
0
0
0
0
0
0
0
0
0
0
0
0
0
0
0
0
0
0
0
0
0
0
0
0
0
0
0
0
0
0
0
0
0
0
0
0
0
0
0
0
0
0
0
0
0
0
0
0
0
0
0
0
0
0
0
0
0
0
0
0
0
0
0
0
0
0
0
0
0
0
0
0
0
0
0
0
0
0
0
0
0
0
0
0
0
0
0
0
0
0
0
0
0
0
0
0
0
0
0
0
0
0
0
0
0
0
0
0
0
0
0
0
0
0
0
0
0
0
0
0
0
0
0
0
0
0
0
0
0
0
0
0
0
0
0
0
0
0
0
0
0
0
0
0
0
0
0
0
0
0
0
0
0
0
0
0
0
0
0
0
0
0
0
0
0
0
0
0
0
0
0
0
0
0
0
0
0
0
0
0
0
0
0
0
0
0
0
0
0
0
0
0
0
0
0
0
0
0
0
0
976
-448
416
-976
-64
-192
-32
320
112
-192
64
240
208
480
-64
0
-272
128
752
512
-144
-64
0
784
-224
-384
-752
208
336
-160
32
336
592
-192
-256
288
-272
384
-816
-368
96
-464
64
656
-80
-160
-64
768
560
176
-256
-560
464
432
64
560
-48
640
336
-176
480
-224
-64
464
-320
48
-1040
560
528
720
-112
-16
496
784
-592
96
448
-240
400
-32
320
80
240
-128
-160
-224
576
-160
-976
-80
-864
-224
1056
336
-272
1040
-208
-144
512
368
-608
-1264
496
528
-176
-48
-272
-112
944
1024
-144
32
208
432
-320
-416
560
-5248
7680
-4320
256
1568
-5040
160
-4064
3024
-656
2896
368
-1776
-1168
5040
352
-2816
-1248
2096
-4192
-8928
4096
-7152
5520
-208
448
-1584
2192
6304
6832
-3552
-2768
5408
-17104
1008
208
-3056
-1680
4848
-5600
-13856
6480
4144
-8016
608
-3088
1568
-10864
-3424
-1392
-10816
7856
-7248
3104
-5776
4656
5568
-2592
-3472
11408
-336
-9504
3712
448
-592
-3472
1744
-2560
-2256
-5184
4160
1520
-3632
-5968
304
-1200
-1024
7808
2448
-1072
-1888
4944
-10112
848
-192
-2880
7456
-1008
-1424
2400
9776
624
-3440
1936
-624
3008
-8512
3280
-1136
-1104
-2384
3216
-832
2656
2400
2896
496
-2384
48
-176
4656
-304
-1376
32
-384
-128
2656
-16
5728
-2128
-1152
1680
-544
2528
464
-784
2176
-528
-2896
-416
-1536
-752
256
-528
32
64
1312
400
1312
-864
-1856
-192
-96
-1056
-1376
-1152
240
304
-352
-1024
-800
-1136
-16
656
-512
-1536
64
160
176
1104
-544
2368
560
-288
496
-800
-1088
256
-1328
-80
-448
64
-624
-80
-1840
1840
1120
352
368
48
-4816
3040
-864
912
-1200
-832
1280
256
1136
-912
-752
-144
-1200
2656
-528
320
-528
864
576
-320
-1056
288
-224
-336
-1536
-80
-544
592
-512
160
-512
-832
4960
-176
-4928
-1728
6592
2224
96
5952
1184
-1952
1392
3840
-720
-3776
3376
-11568
-3232
4336
8096
-14144
9504
-7872
6592
-14240
-736
9344
-6528
-9104
9952
-2480
-4704
-2240
2816
2768
8784
4480
-12112
-8560
-1472
6192
-3152
1808
-5200
-3520
5184
-4864
8624
-3952
1616
9136
-4080
-656
-368
-8352
-3728
14112
-10288
1840
-6320
-7200
-10400
6160
-9168
-8576
-8544
-224
-5840
10512
816
-20672
11552
5856
4272
-3200
-576
-4304
11520
-3760
2096
-2832
-6624
-256
-624
7600
7792
704
-10816
1072
-1296
160
1952
-5792
-2064
-5280
6944
-1728
4816
-10912
-6736
-1424
-2576
1808
1760
4912
-8224
1712
-2528
-512
1024
4352
7456
-2656
-384
-544
3408
-1024
-4208
3392
-848
-960
-5712
3328
2336
-6176
656
-160
-2848
1792
448
-1200
4544
-6400
1360
1760
464
112
928
-816
576
1680
272
4864
-96
-1776
-496
368
-592
32
-352
-96
288
512
-112
80
-448
976
880
-1440
736
-336
1136
48
528
-880
-560
-576
416
944
-560
-2064
1232
-128
-192
-256
-96
192
240
816
-608
-1664
-80
480
304
-32
1504
-1488
-480
80
-256
48
-992
928
912
-224
-2400
1456
-80
-288
-272
2032
368
1152
624
-896
-1472
1344
-320
608
912
1360
-480
-400
1120
368
-1424
-704
960
320
-544
944
-1168
672
-816
-848
-4144
3408
-736
688
-400
896
784
816
272
-496
-144
-368
816
-288
-688
-1536
-208
912
-128
560
-784
768
-1424
2432
-400
0
608
1088
-960
-496
-912
-416
1808
-8912
208
-12288
9744
-2896
848
-3264
-1808
-3520
-2288
-2064
-3360
1216
-9504
12816
-4592
5280
-9680
-3744
4016
-4832
-4256
4528
2240
1200
-1888
-5456
2192
1264
-960
6656
5616
1408
5312
-288
-176
-2608
3280
-1408
3184
-96
-3200
-6752
11888
-4336
3408
-6448
10192
-1040
304
-7808
4944
-4944
4048
-9664
3296
-7456
1760
-1968
4368
-560
1680
13664
-4080
4640
1152
-14960
1376
1328
-1072
4480
14096
-4480
1984
-1040
-2736
-1904
-272
6128
-6464
-3616
13664
-5568
3792
-6192
-1968
4928
-240
-288
8704
2128
18576
1072
-9232
2976
2816
704
3872
-976
-6848
288
-4288
-2464
-1248
-400
-2448
5920
1152
2800
2544
-2864
4320
-880
-4464
-11056
5984
2608
-3872
3904
32
6032
-7104
1408
-3152
-1712
9360
-2912
1280
2576
-688
64
1184
-1680
688
304
592
-1664
128
-320
-1664
3104
-976
864
-384
1216
192
-1440
512
-880
592
4864
-1488
-2032
-1664
304
2016
320
2128
-1584
-960
208
-688
-224
-2112
576
960
-96
560
576
208
-992
1360
-864
-96
496
1104
896
112
-496
-496
752
-528
-480
-1568
-592
1856
-496
-176
-656
-288
-80
-256
2320
-48
-1040
784
-912
976
-608
-96
560
1072
-240
-48
1104
112
416
-512
-672
160
752
-368
-576
-320
1024
-64
640
144
-192
592
160
-368
-240
-592
-160
832
-304
-784
416
-768
432
-224
352
288
288
-576
-48
-320
-608
-1040
1136
320
-352
-1520
208
304
-240
-1440
256
96
1712
-1248
-240
-736
-1248
1104
-416
-256
-672
-1152
848
-544
176
208
-128
240
288
-592
-3872
2512
-1488
-4608
800
-3408
7888
-4528
-2448
2416
-4080
2672
13040
-2624
-4208
7120
7936
1840
-1616
1408
144
-3056
10288
-4176
-5792
2704
1920
3072
6480
-256
1296
-2160
-576
512
-2144
-4016
-8208
3184
1568
1616
1328
-608
4784
-1232
736
-4592
-6512
-64
-9424
5008
-1680
-4720
-5088
-3168
5456
-6016
8144
-1968
512
-9136
1088
-6880
4832
2752
6704
-480
5616
-9168
3792
-528
-13072
16608
-6176
10512
1440
-24288
8640
-13280
-4384
1008
272
-9184
-1616
560
4800
6832
1200
4064
-14192
6528
-48
-5072
7488
-3392
-448
-1472
448
2336
-3920
-4400
13360
-1984
160
-6016
10064
4176
-3728
-496
-3184
816
-1296
5440
12064
-2016
368
944
-2704
-2816
-6592
2464
2448
-4368
6112
-1616
-2064
-96
1424
-9216
4304
-2544
-1360
-208
-1232
-8048
3792
1440
2336
3040
-1952
4400
3792
3760
-3168
-320
5904
672
1312
3264
-96
-656
5312
-448
-1216
624
496
752
352
-1104
-448
-608
-5328
4384
1504
-864
-1408
960
4960
544
800
-4848
-976
-656
-960
-1584
-5392
2752
-448
464
-80
-784
-192
-464
96
-368
-384
-208
1040
208
224
1536
-992
240
544
-320
2800
-672
-672
352
592
400
288
-2144
1504
208
-3424
960
416
672
128
-80
576
-624
128
-1120
-400
-464
-400
-16
-368
1072
-208
-976
480
1168
-944
-336
-736
416
-208
1200
-656
320
992
1088
96
-608
928
208
336
-208
1712
-1184
-192
-1008
16
-1216
-448
656
-1680
288
-768
-80
-656
608
-1904
64
-160
1392
32
-688
-928
-96
368
2048
-1360
-208
-864
176
80
1040
944
64
-448
-128
-3392
1296
1424
1712
-32
-240
-576
-3088
2480
3072
-3024
1520
-3888
640
4544
3632
7360
3120
-2944
-704
-3040
464
-7760
-896
-1040
6128
-8672
4128
5984
544
32
112
-3728
3200
-7856
-2784
3968
4288
576
-2288
10688
-1632
3664
2304
6576
-6176
-6976
10976
-7792
4624
-12320
1808
-3392
2832
-8064
14000
10432
-5808
-4656
7376
-6464
2736
-5376
-6912
6528
-944
-9968
4192
-4176
5408
-1504
-7568
4992
3296
-576
864
2864
-1312
-8080
-5952
3280
-2512
3264
-80
-2256
17584
-7632
-3632
176
-4368
3744
-16640
5088
-1456
-240
-7696
4336
-288
-2368
1872
-3200
7248
-12192
6960
-3520
2896
10160
-640
2768
-1744
688
-8048
6608
-2176
2112
416
976
608
-2320
-1264
6272
4512
-5376
6688
-1856
-1312
800
5360
2016
-176
416
-48
8400
2160
2384
-192
-1456
-7696
1648
-4352
-2112
1808
-3424
6608
-928
-16
-1760
832
-400
4752
-3424
608
2112
-1248
-160
2368
4448
-976
208
1008
-176
-2128
4784
-304
-1104
5696
-1712
-368
1200
688
512
448
1136
480
-272
624
768
-208
400
-1376
-272
-32
-320
-16
224
-1184
-512
-464
-368
192
-48
-560
-512
64
-688
-288
-464
544
352
160
1232
-624
-128
896
-48
288
-1376
-96
144
432
-80
-96
-336
256
0
320
-464
-1104
224
-336
144
64
-768
-816
64
-240
160
-880
-416
-208
-336
-256
-176
-80
32
448
-464
-768
688
-144
-96
-448
-784
160
-272
400
608
-304
352
-64
992
-592
-192
512
-240
336
-240
-1136
-32
0
992
-432
-624
-144
-64
240
-208
576
480
208
48
-1264
-560
0
-640
64
-384
64
336
-576
-448
-272
-336
368
144
160
-1664
-128
544
272
432
208
-1040
512
-160
80
-64
-448
336
144
-304
-1056
-368
48
-192
512
-144
-528
688
272
256
-176
-736
752
-560
128
-432
560
240
-208
-176
16
-416
32
352
144
-736
-288
384
-96
400
-784
-544
528
-256
0
-272
-176
16
-688
192
-432
-144
-32
-32
160
-576
-416
416
192
192
80
-800
384
-592
272
-736
-224
192
-304
192
-256
-432
16
80
80
-304
-128
112
-128
-192
-32
-256
-240
96
464
-352
-464
-144
528
64
-624
-208
288
-48
784
-224
-448
256
-48
240
80
-672
240
-64
384
-32
-384
352
208
320
-96
-832
224
-272
-32
-16
-432
-64
112
160
-352
-576
640
-96
-128
-144
-416
368
64
32
-32
-512
368
32
-80
-304
-512
-96
48
144
-368
-576
112
0
144
-432
752
240
432
48
-432
-880
-832
32
96
-144
-352
272
16
272
-768
-480
-16
16
304
-64
-544
1568
-96
160
-144
304
272
-416
64
-208
-624
224
160
0
-176
-752
288
96
144
-272
-256
240
-96
16
-16
96
544
48
-64
64
-688
192
656
320
-128
-704
96
-400
432
-416
-720
48
16
16
-320
-608
320
-48
-352
-288
-448
320
288
192
-160
-480
240
320
-336
-208
-272
336
-64
-32
80
-304
416
32
-400
-32
-224
64
-96
272
16
-304
400
-160
112
-80
-512
400
-160
0
32
-176
608
112
112
-336
-288
16
352
128
-176
-384
208
-48
240
-16
-416
320
48
-80
-304
-288
176
64
304
-368
-480
816
-128
256
-208
-400
304
-304
-384
-256
-416
288
-128
128
336
-304
-32
176
32
-208
-288
400
-96
48
64
-256
48
-160
608
16
-128
176
32
-96
-288
-432
112
-176
80
-128
-352
480
-48
208
80
16
416
288
-176
-688
