0
0
0
0
0
0
0
0
0
0
0
0
0
0
0
0
0
0
0
0
0
0
0
0
0
0
0
0
0
0
0
0
0
0
0
0
0
0
0
0
0
0
0
0
0
0
0
0
0
0
0
0
0
0
0
0
0
0
0
0
0
0
0
0
0
0
0
0
0
0
0
0
0
0
0
0
0
0
0
0
0
0
0
0
0
0
0
0
0
0
0
0
0
0
0
0
0
0
0
0
0
0
0
0
0
0
0
0
0
0
0
0
0
0
0
0
0
0
0
0
0
0
0
0
0
0
0
0
0
0
0
0
0
0
0
0
0
0
0
0
0
0
0
0
0
0
0
0
0
0
0
0
0
0
0
0
0
0
0
0
0
0
0
0
0
0
0
0
0
0
0
0
0
0
0
0
0
0
0
0
0
0
0
0
0
0
0
0
0
0
0
0
0
0
0
0
0
0
0
0
0
0
0
0
0
0
0
0
0
0
0
0
0
0
0
0
0
0
0
0
0
0
0
0
0
0
0
0
0
0
0
0
0
0
0
0
0
0
0
0
0
0
0
0
0
0
0
0
0
0
0
48
0
-624
464
-64
16
-128
-288
480
16
48
-192
-240
320
-144
96
0
-512
480
-272
48
-368
-384
32
80
-96
0
-560
320
0
240
-304
-800
400
-432
-16
-48
-464
432
-288
144
-192
-592
448
224
464
-176
-752
640
160
80
-176
-720
416
80
144
-368
-912
480
336
-272
-496
-624
-192
304
0
-112
-864
432
224
112
-352
-496
144
-320
224
-176
-768
288
208
384
-256
-736
-96
-320
-96
-192
-592
400
288
48
336
-832
432
256
-64
-688
-352
-176
-160
176
16
-928
384
-112
256
208
-800
224
304
240
-80
-992
176
192
336
272
-1040
336
-48
-272
-32
-768
576
16
304
288
-560
176
-64
0
-80
-736
64
-624
784
-256
-1024
416
480
160
-160
-624
304
32
352
-416
-688
832
224
304
-48
-720
304
896
-96
-288
-592
-48
-272
240
-416
-944
240
-112
-272
-1088
-16
160
-928
-3296
688
-13344
-336
-24944
7600
304
960
5152
-4704
-5120
10240
-17104
8992
2576
4592
-4544
2592
6224
3632
-3488
3168
-5648
9792
-2352
8736
3040
-5408
-1136
4608
-2128
-2960
1520
1264
240
2144
-4064
1008
-4064
1904
-5568
-304
352
-1040
3856
-6880
-6832
-2672
-2080
64
-1504
1360
-9488
0
5616
3600
32
-1584
768
-6400
-1408
64
1584
2528
1312
-5552
6496
-2208
-448
-5216
608
-12896
1808
1344
1488
2800
-3840
-5488
-432
1824
112
5744
704
-2256
-2704
704
-1376
-448
3296
-2512
304
-752
-1376
-1792
3888
2832
-1648
-2032
-400
-816
-8864
2848
-3744
2464
976
-1120
-3312
-7664
5744
-7568
2368
-688
-944
-1904
2480
1296
-2080
-640
4336
1504
1872
176
112
3776
-752
5584
-4656
-304
-1104
-176
-4144
3856
-3792
528
1376
1520
-1392
-768
-4416
-12640
1200
-2912
7248
-7600
-13680
5184
1888
-480
-144
-32
-288
-3600
-608
-512
-7312
-5104
2864
-464
944
5360
304
4112
-1088
-3296
160
-1088
-432
-448
416
-2048
736
1568
-416
1616
-3888
-2096
976
-896
-4000
-576
-1280
1008
-208
-304
336
704
480
-128
752
-384
-2080
-688
-4064
2160
-208
816
1376
-592
560
-1040
5344
256
400
64
-240
816
-1040
1152
3280
-912
2720
-80
-992
288
336
256
592
-160
-384
752
672
672
624
-160
-496
736
1136
-496
-2992
3440
80
560
-320
-144
176
1040
-864
-432
-816
64
160
448
-1056
96
-848
592
-176
-512
-48
-96
496
-1568
-736
240
-16
448
880
-896
-256
224
-816
1232
1488
656
-640
208
896
-944
-544
224
512
384
-624
128
848
528
736
-272
-400
-816
-1680
1136
-32
-128
-336
656
784
336
416
-560
-1552
-128
-432
912
-48
-16
512
-192
-544
-1024
1104
1344
-816
-192
64
-1408
1792
-512
512
-304
304
5744
864
48
224
1376
608
4336
-1664
672
2496
-8864
3456
-320
-1152
7728
-304
-21312
10992
2768
-13536
8432
-3776
688
-304
-10736
5440
-3824
7936
-5648
-1264
-6096
-32
4144
-224
-2208
-3024
1904
11216
2752
2592
1936
-10848
-1728
8912
-1088
-256
-4384
5824
-3488
8224
-8352
640
-3904
8656
-1984
848
-10368
1264
1392
5040
-5344
1888
-4448
3184
5600
-384
-560
6976
-864
8800
-2688
-2048
544
-432
-3712
-2704
7488
-4752
4416
2304
4528
-288
1072
4160
-1472
3360
720
3040
-3472
1296
-2592
1040
-6160
4048
1520
3808
1360
-2880
-512
5184
-2448
704
-4096
432
288
-1488
-3936
12256
992
7472
1168
4000
-720
1360
7056
96
-1264
3984
1488
-3248
3808
-1184
-320
224
-4592
-9408
-1472
1920
-5376
6304
176
-1792
14864
5968
-10016
-1792
-6224
6752
1424
3600
5024
-1392
-7840
3856
-3152
-480
-1536
-2128
-1056
5072
-2400
1200
-400
160
720
-1312
832
320
-7376
5408
-2000
528
448
-3712
1360
-768
736
3968
-1488
928
-1648
-5264
1408
-832
576
992
1216
288
-2768
976
-4288
1008
1456
3904
-720
1072
-128
-2992
2448
-800
1136
-1488
-192
384
-1280
336
752
1600
-1904
-80
320
-96
-1904
512
-912
-16
1664
352
-2464
-240
1616
-592
528
-624
1120
5552
1040
864
-496
240
-592
1616
-2384
-3792
-624
784
0
1024
-240
-1952
592
4704
1824
416
848
720
704
1216
-464
-896
-1312
-576
-688
-16
672
224
16
688
-128
560
1728
-928
1200
400
-768
64
-384
336
320
-4560
-2352
-1120
-416
1088
-384
640
-480
704
2064
-1472
640
864
-1184
-3168
-1440
144
112
400
320
-544
1136
400
432
48
-736
576
1904
-3792
4160
-112
48
0
208
-320
-752
848
752
2096
528
-592
368
-96
-128
176
704
1456
-1152
2304
-1280
432
384
7520
-9216
-7456
-13296
-8880
1808
2896
2080
9424
14992
-10032
1696
-4960
3248
-5552
5712
-5520
-4720
-3456
2848
-1984
272
3408
-6592
4176
560
1328
2368
-1920
1280
-3664
208
14144
-3552
1488
3168
3456
6784
-9056
2512
-4016
-304
9296
-480
-48
3120
-8848
-8320
2912
1376
3360
-6192
3584
9552
160
-6000
-672
240
-3632
-1840
352
6256
-5312
-9712
2880
-4592
3744
-80
-2768
4848
-1376
80
3120
2576
992
-3504
-448
928
-5248
-400
-2752
-4112
-1888
-3008
2656
-5920
2640
496
10016
-7600
1920
-3344
4784
-304
-3792
832
-768
-960
-352
-2448
464
-1904
1424
-1968
864
-1648
1056
4272
-4624
3936
-512
2016
448
-2704
-2848
-1616
-6448
4480
-3056
304
-1280
4048
-7280
272
-2512
-688
-288
2464
-2608
2752
-1680
1232
1632
2416
-15456
11392
2880
1328
-544
1952
-13328
-3504
-5792
5904
720
7936
416
448
-3056
160
-3680
240
1168
-624
-32
-2832
-1344
1312
352
-8304
4992
-5600
2320
720
-672
496
-2528
3328
544
32
-656
-1376
-2096
-400
-368
-400
-3312
1440
1408
-480
-240
-2752
6400
1984
-1888
-1872
-1824
160
768
-1200
272
-1136
-304
2080
-1872
-3712
-2720
2320
544
-624
1024
48
464
-1312
2304
128
-1264
224
-544
-432
-1840
16
2416
-1312
-304
-32
-800
560
-816
3200
4560
-3904
-400
1168
336
-880
-1920
80
576
-1136
32
-1168
112
16
-208
64
1728
-1216
-1184
-16
3904
-768
48
-1376
640
144
-2144
944
1296
1328
160
-592
176
144
592
480
944
-2592
800
-1680
592
-576
144
-1264
576
-2336
-2544
192
2608
-448
-432
-448
-3312
800
-2992
464
240
160
-656
256
544
-464
464
-3904
-1264
1600
672
-176
128
48
368
-1072
160
2272
2176
176
-672
4128
144
-432
-112
3632
-10704
5360
-10896
-1024
-10160
13424
-336
9104
12720
-496
-1664
-4112
8496
-11376
1120
13552
-6944
6992
416
7760
-3920
2112
-1552
-1392
7136
-2736
4832
832
336
224
528
-2416
10672
-16512
-9968
2128
-512
80
224
4288
-6384
10768
288
864
-2496
3344
-3952
2912
-6880
-528
-4400
1264
608
8112
-3536
6336
-13840
-2304
672
-10224
-5104
2512
-1504
3088
-224
-7360
-7040
2016
2448
-3168
-2432
-272
1040
-128
5296
-5952
576
512
3328
544
-6080
-3664
1648
10288
6768
-2512
32
1920
5472
-6560
8448
656
-3120
-5328
1040
96
6720
12528
704
2336
-2544
-416
-1664
10768
-2592
-2976
-3696
1280
-6000
-3840
-1312
528
5392
17120
-13472
8320
-5040
3072
4512
640
2208
-1120
-13168
-4736
-4976
3168
1376
-9216
4048
13792
-2144
2880
-4528
6208
-2848
3104
1424
-2416
384
1008
-592
-2656
2960
-3472
-4784
2128
2192
-1008
-208
-2560
-784
5056
-1280
2816
1072
1408
-3952
2448
9344
-2992
1824
-1696
-304
688
-1472
640
-656
-656
3008
2064
-544
960
2432
-1696
1136
9264
-6560
3168
-8144
1904
784
-272
-1152
1008
-12336
5024
1616
-144
2480
-6416
544
-5136
-1824
-48
256
-800
2208
-768
-1584
1456
-1024
-1632
768
1216
416
-688
2384
-5504
5776
-80
1088
0
-128
-528
592
1712
2000
64
-3376
752
944
-112
480
2176
1904
1472
-352
48
608
-336
96
0
1392
-1216
784
2304
-3296
1776
304
176
512
1856
-4928
-1648
448
160
496
-816
272
896
3520
-3792
-2688
1184
-80
1488
-1200
-304
576
208
-928
-4432
-320
944
-368
160
-320
-464
-144
-160
-1712
1088
-112
-32
576
400
528
-752
-80
80
528
400
-640
80
64
256
-368
576
2064
-1952
1232
560
-720
688
-160
480
-400
-4464
1248
208
-1488
176
-432
496
-32
-1856
144
-448
464
64
896
-128
-656
1312
1632
1520
-1984
-784
-208
592
48
624
-32
192
-7520
1840
448
-496
-336
-80
896
-144
-352
-3152
496
656
912
-1168
128
-288
96
-608
192
256
-2352
2320
-144
-240
-5024
-224
-576
144
544
64
-144
-576
-2032
528
1776
-4336
-4192
-1408
3648
-16080
-11664
-3152
400
-3008
14992
-4240
6592
5840
-9696
1168
-12544
7968
-3264
-2992
-1120
240
-2752
5824
-5312
6048
960
2528
1072
1616
992
-9600
-2080
4432
1424
-6464
3968
32
8512
-4688
-368
4416
-1280
3744
-4640
5968
2112
-6576
3344
608
928
-1968
-256
-4544
4080
-1856
7456
-80
0
-1632
2080
4224
-192
32
-336
-672
2352
832
1808
1552
2000
1360
8112
-368
-1104
2528
-3968
-480
-608
-3888
-800
-8656
2096
-1024
-1472
-16
-336
-3472
2144
3824
-6768
-3088
-192
752
-1312
-1696
-912
48
2144
3664
-1056
1808
1312
-656
-1200
-4384
2416
1872
672
1728
-624
720
-2224
-2880
4592
-4032
1216
-112
-3360
-1024
816
-928
5264
2224
-4656
7424
384
4544
9728
16256
7552
15888
8848
-32768
-20544
9472
7488
-640
-9408
-1600
-3008
1248
-2544
-624
960
-12880
-4144
2992
-11616
-2720
1936
-5456
6800
2080
448
-3856
-480
2064
2240
512
2048
-784
-2528
288
-4128
-6912
1696
2496
656
-4576
192
0
288
4272
-4960
-1168
2976
-2016
1024
-304
128
2768
1152
1952
-3376
-1216
768
-1200
816
96
2224
-752
-1184
176
-3744
1280
-128
752
2912
-96
-144
-1328
3584
-496
832
64
752
176
768
304
672
-48
-2384
-1136
1600
576
-272
-800
336
-1200
-176
4096
-2064
4128
1024
-1840
352
-272
336
736
1664
4176
-1104
-1264
96
-144
-128
-272
-16
528
16
7664
-1744
848
304
192
160
-1360
3856
-528
5920
1696
-224
800
384
432
-480
-608
432
-16
272
-288
-880
288
208
192
-160
-864
304
208
240
-224
-544
512
128
144
-368
-656
336
16
272
-304
-656
240
-144
160
-304
-1104
272
-64
112
-416
-752
416
-128
-16
-272
-752
368
128
192
-224
-832
512
64
352
-208
-848
416
96
240
-128
-624
256
112
352
-320
-720
352
96
336
-432
-544
720
-16
224
-352
-768
448
160
384
-224
-992
496
-64
448
-432
-672
448
32
400
-272
-768
288
80
