0
0
0
0
0
0
0
0
0
0
0
0
0
0
0
0
0
0
0
0
0
0
0
0
0
0
0
0
0
0
0
0
0
0
0
0
0
0
0
0
0
0
0
0
0
0
0
0
0
0
0
0
0
0
0
0
0
0
0
0
0
0
0
0
0
0
0
0
0
0
0
0
0
0
0
0
0
0
0
0
0
0
0
0
0
0
0
0
0
0
0
0
0
0
0
0
0
0
0
0
0
0
0
0
0
0
0
0
0
0
0
0
0
0
0
0
0
0
0
0
0
0
0
0
0
0
0
0
0
0
0
0
0
0
0
0
0
0
0
0
0
0
0
0
0
0
0
0
0
0
0
0
0
0
0
0
0
0
0
0
0
0
0
0
0
0
0
0
0
0
0
0
0
0
0
0
0
0
0
0
0
0
0
0
0
0
0
0
0
0
0
0
0
0
0
0
0
0
0
0
0
0
0
0
0
0
0
0
0
0
0
0
0
0
0
0
0
0
0
0
0
0
0
0
0
0
0
0
0
0
0
0
0
0
0
0
0
0
0
0
0
0
0
0
0
0
0
0
0
0
0
0
0
0
0
0
0
0
0
0
0
0
0
0
0
0
0
0
0
0
0
0
0
0
0
0
0
0
0
0
0
0
0
0
0
0
0
0
0
0
0
0
0
0
0
0
0
0
0
0
0
0
0
0
0
0
0
0
0
0
0
0
0
0
0
0
0
0
0
0
0
0
0
0
0
0
0
0
0
0
0
0
0
0
0
0
0
0
0
0
0
0
0
0
0
0
0
0
0
0
0
0
0
0
-752
448
-96
48
-400
-288
-720
3024
320
176
-144
848
96
-1040
-1120
-4144
1392
352
-112
-96
176
496
848
1280
688
-192
-160
-224
480
-1520
240
1424
848
192
-2160
-1136
-3904
288
-672
-976
-4256
-2112
-720
3520
-1168
-784
176
480
-2720
224
-112
-1056
576
688
-656
-48
1168
-1984
608
2128
-2768
1520
800
160
-768
176
1008
-2272
-896
-1552
64
400
2176
-848
-3376
-2176
-3120
-592
2176
-208
-1808
-992
-8480
6080
-4640
144
32
1472
1664
-3184
-10448
16320
6816
800
-8880
-8256
-10240
-2704
48
10544
-9120
8144
-9136
224
-3616
3008
-1200
-928
1568
-8752
176
1456
-8208
-5616
2400
1600
400
9088
-8128
1920
-9712
656
912
4320
1200
-3168
6032
4976
2016
1888
-4976
1376
-656
-5440
-5856
-304
-976
-5584
1776
-5824
1024
-14464
-13216
1936
-4512
1328
-5216
368
1104
752
-5088
3040
3840
112
64
-320
1056
5072
1600
2896
-752
512
304
-1344
-2448
1120
864
-1408
592
7968
-2720
-736
-3040
1968
-880
-896
-592
1456
-896
-4320
1440
672
1888
512
1280
16
-704
2560
2704
-48
-3840
-16
48
672
-1024
-272
528
-1088
-2832
1200
-256
368
128
-128
-192
-608
112
432
-2992
608
-1008
512
-32
-208
240
-304
256
-144
-208
-320
928
3360
-1728
-1072
192
-560
-480
384
-16
-272
-1664
560
32
-16
-1136
-896
768
512
-32
-496
-736
-224
608
1136
560
128
304
-864
592
176
-480
-448
288
352
80
-1072
80
48
256
-288
-96
304
896
400
-352
-224
-64
1168
272
48
-912
2800
400
640
-352
-1200
352
608
-416
272
-864
384
240
560
-320
-624
416
-1504
-288
-96
-864
2032
304
400
64
-384
576
224
912
1168
752
1216
864
880
576
-112
-1232
3552
1376
112
-288
768
-256
2240
-2000
1104
-256
-1328
1088
800
-704
320
-784
960
1024
-832
752
224
80
-656
-2336
2912
-416
800
-528
528
224
400
320
480
-48
352
-976
1680
-144
-288
512
1968
-976
-4880
-3440
3552
-1888
-4368
-2592
1776
-15552
-96
-4352
-592
7648
5744
9040
1072
-1648
-18992
-6448
1968
2768
6368
2432
944
13264
-5936
22848
-7424
-6976
-5600
-8688
4000
-384
-14048
2288
-7664
5376
-5440
832
1520
3216
-8560
-4784
-192
-3392
-5200
7056
5696
4384
-2016
1920
1440
2112
-1568
-13744
-4816
-7200
1280
-48
800
688
848
336
-7728
-848
1520
-32
6000
4352
3424
1904
-5456
-5536
-960
4112
-3744
-576
7568
-1792
1984
-1360
-3744
-352
1200
-800
-2432
896
-3840
480
3856
1152
-384
448
-192
4624
560
6464
-9328
-3568
1024
-1392
-2416
-48
-880
-2352
6096
-1856
-4176
-2368
336
-704
368
-880
944
720
-3760
-3520
320
160
-272
-80
-16
-928
-160
-208
-304
-208
96
-160
-576
896
-432
-304
192
-80
496
-240
-1120
976
-768
1280
-352
-688
-240
2928
-4096
-784
-192
-832
-800
544
-784
-864
208
80
224
-368
-688
1136
96
1056
-1680
-720
2032
-1536
-2544
3296
-448
880
-48
-384
-1264
-1008
-800
224
1680
-144
-1760
-752
-256
-1168
704
-352
80
288
704
576
-976
560
-656
-1024
1328
-80
-704
-384
336
1952
-3168
-32
240
-1792
-144
-608
864
-128
-3712
-128
-1264
-352
176
544
-192
-48
256
-3232
384
528
-1072
176
304
384
112
-1264
1232
-1056
592
-224
-736
1008
-752
1872
-320
-1088
1312
352
16
192
-2800
832
672
672
-544
-272
368
32
880
928
-2048
864
400
2416
896
-928
-304
-192
880
3872
-2272
688
-48
976
16
-944
512
944
320
-976
-32
416
432
208
-1856
-624
928
1680
2448
64
-80
224
-3440
-12864
6352
29888
-11184
-14384
-480
7488
3216
-10240
4896
-14480
1328
3344
6496
-9632
8464
-13056
-14880
12544
-9840
-1584
8480
-5680
6912
-5024
3104
-29760
8784
-6144
2480
-10112
5024
11072
5248
3136
-16240
13552
2656
5120
8256
-208
2176
4624
480
416
-7440
-3376
1408
2992
944
-48
-176
-8144
-19184
-10128
4656
11344
-1840
624
-1504
-9616
720
2288
272
2256
272
-1872
8800
-2320
-6640
-1968
-3664
-1408
-448
-2784
-6544
1856
-9968
-2016
-1696
2352
-608
-2432
4592
-480
-4192
-1104
-592
-240
-288
992
-352
-1504
-6480
-5488
-2576
304
640
640
-304
6864
-6144
-1408
-128
-112
176
-624
-1152
-3136
7232
4816
-2368
-432
1568
592
448
-432
-784
-1024
1888
-3024
-832
1040
592
-272
608
128
-912
-6736
320
576
-176
-960
240
-1024
-448
-288
-1936
448
1568
-3520
192
-128
-160
-704
1808
-384
-624
3328
-528
608
-48
1120
320
16
992
128
-800
448
224
-352
-160
-1104
-96
368
-2080
-192
-1120
64
816
912
1376
-480
1008
208
-448
16
-2240
640
192
-1136
80
1344
-624
608
576
-416
-864
640
112
592
1136
96
-896
144
496
-3984
128
560
-496
32
528
-2064
1328
-64
352
-336
-928
864
672
-1008
-608
224
0
1200
-240
-32
-1072
-256
16
432
-624
432
768
-16
272
-816
-464
-224
400
1264
304
-1312
1232
480
0
-192
-880
-960
-1056
1488
-432
-1040
896
656
432
-656
-256
688
320
528
-144
-544
-704
-1088
-416
608
-1456
672
-128
-1584
432
400
5008
6992
-4784
-6496
4912
3024
-18800
6544
208
1792
8304
12384
-6336
5872
11088
3104
3840
11760
-2592
-7264
3504
-5216
4176
-1856
-4880
9376
-30400
7456
-15360
9840
128
1424
10992
-5872
6080
-1200
1968
3312
-752
-1376
-3472
8608
-21088
-7888
-4704
6480
848
7216
-3104
5824
-11616
14336
-6048
240
-1328
1776
-992
-128
-160
1568
-272
4528
5568
-304
-1376
2352
-2448
-304
-3760
-5120
-1088
-1792
-1072
1712
-80
-832
-4560
-2224
4096
-5728
240
1792
544
-2352
-1680
2880
-4016
-5392
2176
-1616
1664
416
192
-160
-1520
768
-3408
1568
-2528
800
704
528
-528
416
-512
-1408
11760
1728
1168
-320
208
-256
-80
0
-416
240
-256
144
80
-1152
-3648
304
240
-240
-384
656
208
512
-576
-1136
480
-128
-128
-480
-752
688
480
4064
-1440
-1232
-528
368
160
-480
-464
592
176
336
-144
-464
256
512
576
16
-1120
1872
-640
304
80
-848
192
304
-272
-528
-1072
544
-784
32
-304
-192
2816
-848
528
192
-784
592
-1104
912
-224
-864
448
-672
1104
-496
-944
912
-16
432
-240
480
1552
0
432
-448
-288
704
432
1152
176
-1520
528
208
832
224
-544
-16
272
240
192
-544
272
560
640
848
176
640
5648
1136
256
-1120
32
0
0
-656
-816
-1184
-224
2240
-480
448
4128
0
-128
-480
-976
448
-288
640
848
1440
304
656
496
-32
-1680
-2336
3040
688
-480
-336
2576
1296
208
-224
-704
-3120
-32
112
-528
-240
368
6208
6816
6048
6080
5296
4064
-4560
-5968
-5488
-1472
-5088
9856
-24176
2704
9776
-3520
11120
-16944
-11600
-2816
-1904
32048
-6704
4672
32752
8896
-22592
-1792
1152
-7328
-11952
29072
1312
7088
13936
960
3408
880
2528
768
-13952
11248
-3232
9040
-6656
-11072
1152
2928
0
-80
-1360
-11072
9072
1568
8480
208
0
-1232
9200
-704
-576
-7520
752
-3056
464
-3184
-5904
-8736
-864
4416
11328
1440
-8384
-384
-1984
-768
4816
-1648
4064
-10208
8560
3184
3664
7648
720
-1984
3168
-3872
-18112
-448
3632
-128
1008
2128
-3280
1632
-4192
1792
-1984
1488
1392
-4736
-1472
8352
960
1520
160
192
-384
624
832
17776
-1600
-2272
480
-3904
-2768
720
-640
176
272
-432
352
-560
-352
-992
-4592
5280
432
960
160
448
-864
-1008
192
-1328
-160
-624
-736
-7408
528
80
-480
-912
-112
416
1760
-2624
-1424
1472
272
704
224
-640
464
512
128
-624
-1392
96
128
1088
-256
-240
32
736
-48
-608
-368
-2416
1104
1648
-400
-384
240
928
224
-256
-560
656
-672
448
-16
-400
-512
208
-32
112
-1520
-32
-128
688
-624
-704
256
272
112
-192
-1104
928
32
288
-288
-400
1088
-1760
48
-208
-720
864
-656
144
-448
-864
-240
-208
-336
704
736
-48
-544
1072
-368
-528
-144
400
128
-1120
-1456
304
144
64
-352
-752
-272
-16
0
-80
-208
288
624
-288
64
-1056
64
544
-304
48
-1264
496
128
336
368
-912
160
1360
624
304
-656
992
112
288
112
-336
480
80
608
96
-1120
1024
336
-1024
-320
-976
1168
-272
-208
928
-3008
-1648
-1552
-128
-192
-784
688
192
-64
64
-720
480
448
-752
-688
-2560
560
-544
80
-288
-880
528
64
1008
16
-304
672
176
272
-304
-256
976
224
144
-2144
-816
816
32
64
64
-576
352
-32
48
-512
-1024
848
336
144
-656
-768
448
224
208
-272
-704
576
80
304
-176
-816
368
368
208
-624
-800
176
-96
144
-16
-688
304
-208
240
-176
-608
640
192
208
-224
-768
384
160
64
-288
-688
416
-112
80
-176
-960
304
192
176
-288
-688
512
32
272
-160
-848
256
-272
304
0
-608
256
-96
80
-160
-640
448
128
-32
-368
-768
288
32
96
-240
-832
384
-32
32
-688
-752
384
240
0
-304
-608
336
32
128
-288
-736
432
176
32
-144
-800
512
112
96
-496
-688
432
32
272
-272
-672
400
-128
128
-144
-1008
544
32
16
-16
-864
576
-16
368
-192
-672
304
96
112
0
-544
96
192
256
-128
-720
208
192
112
-48
-624
400
48
272
-224
-848
288
144
256
-208
-672
384
112
-96
-128
-640
560
128
384
-176
-752
272
64
256
-240
-720
592
16
160
-16
-416
416
240
240
-16
-864
400
80
240
-272
-672
416
416
240
-32
-784
320
176
160
-240
-656
320
-16
192
-304
-640
352
160
240
-176
-752
128
-16
160
-224
-656
176
112
304
-176
-624
496
208
160
-256
-832
608
0
-16
-176
-656
416
80
192
