0
0
0
0
0
0
0
0
0
0
0
0
0
0
0
0
0
0
0
0
0
0
0
0
0
0
0
0
0
0
0
0
0
0
0
0
0
0
0
0
0
0
0
0
0
0
0
0
0
0
0
0
0
0
0
0
0
0
0
0
0
0
0
0
0
0
0
0
0
0
0
0
0
0
0
0
0
0
0
0
0
0
0
0
0
0
0
0
0
0
0
0
0
0
0
0
0
0
0
0
0
0
0
0
0
0
0
0
0
0
0
0
0
0
0
0
0
0
0
0
0
0
0
0
0
0
0
0
0
0
0
0
0
0
0
0
0
0
0
0
0
0
0
0
0
0
0
0
0
0
0
0
0
0
0
0
0
0
0
0
0
0
0
0
0
0
0
0
0
0
0
0
0
0
0
0
0
0
0
0
0
0
0
0
0
0
0
0
0
0
0
0
0
0
0
0
0
0
0
0
0
0
0
0
0
0
0
0
0
0
0
0
0
0
0
0
0
0
0
0
0
0
0
0
0
0
0
0
0
0
0
0
0
0
0
0
0
0
0
0
0
0
0
0
0
0
0
0
0
0
0
0
0
0
0
0
0
0
0
0
0
0
0
0
0
0
0
0
0
0
0
0
0
0
0
0
0
0
0
0
0
0
0
0
0
0
0
0
0
0
0
0
0
0
0
0
0
0
0
0
0
0
0
0
0
0
0
0
0
0
0
0
144
112
48
-496
-336
720
-384
208
-304
-512
480
-224
-272
-480
-560
-240
-784
128
-368
-464
352
-608
-256
-400
-224
416
224
-368
-432
-1232
496
-384
128
0
-288
64
112
-48
496
-640
16
-224
96
-1664
-816
112
-160
1280
400
-768
272
-96
752
-320
-496
-176
80
-16
-240
112
48
-48
32
-528
-544
320
-1872
464
-1584
272
-480
512
-768
1936
-1472
1040
-144
-32
1824
-1072
-1488
544
208
-1504
-2640
768
-1888
2128
-1072
288
-1824
-480
-624
1376
2064
-128
800
848
-1824
-768
528
880
1264
-5504
5040
1600
-16
416
-12272
10336
-1024
-272
-2896
-256
-528
-10080
3600
-2144
-528
-944
-1600
-800
-1664
1968
2080
672
-1424
-592
-544
-240
2736
-128
2592
4496
-1312
-3632
1216
-1728
2400
-2832
2352
-3216
-3424
-960
-4000
1376
-496
-1520
1504
-1792
-4048
7584
-3616
-1040
-1632
32
272
3008
-624
-96
3664
6672
-64
832
-992
48
8160
-4432
-2544
-3904
-1968
10960
-6160
-2096
2656
-1648
-3136
-5888
3728
-2256
2304
1232
1376
-6464
4992
-2320
4192
-1952
-800
-3920
6576
-5776
3152
-3584
6352
-2144
5632
1280
-544
-5472
3408
-2304
3648
-464
2096
2928
5744
-144
-1840
-144
-656
-2928
-1184
704
496
-272
-192
512
-768
-544
960
1392
-1856
-1792
800
576
-1792
-384
-3488
-736
2288
3408
-496
-112
-800
544
-1520
720
-384
-848
-16
176
-432
272
-128
880
448
96
112
-864
-64
-1008
-2432
1280
-1984
1104
1472
672
-864
-320
-2528
1168
-16
640
-224
1072
736
-2352
640
-32
384
4256
-7344
2144
-1504
-1504
-3680
1584
-272
-1120
160
864
176
-1056
-800
752
208
-64
-432
-544
-2160
1824
1120
656
-1792
-256
-176
288
192
-1120
96
-128
1152
16
1872
656
240
1120
-544
-1504
2688
464
-1392
-400
-560
-1568
992
-1680
336
880
-16
640
320
-1472
-1424
-64
1024
64
2992
-4656
-2832
-1392
1456
3552
1568
-3072
-208
-7840
3488
640
7504
-2608
2192
-992
-1760
-1456
2704
-3584
13696
-1344
1504
-2576
1216
-1440
4064
-5456
6256
-2848
1216
1824
-2224
848
592
-14576
5488
3488
-384
-992
-1600
13904
2848
672
-2656
-3808
-3104
672
880
-7168
4224
4576
3408
-1424
-864
-5344
1664
-208
12336
2960
-5920
1040
-3888
4768
-3280
3072
-5472
8656
2480
9008
-2608
192
-1280
-1328
2608
-5136
7440
-240
-4128
2656
1120
-10240
7456
-1664
-800
3200
2848
-96
3056
-1584
3152
-96
-448
-1968
-2272
-240
5200
-5040
3008
-2768
1376
-2096
4528
-2896
5392
192
-560
-1072
720
-896
1616
1712
-5552
224
-976
80
5728
2288
-3440
1744
-4992
1168
-448
-128
-1536
2240
-480
8432
-1088
2096
160
-1136
-944
-2976
-2512
-496
0
128
512
128
-2784
-448
-1152
784
-368
1088
-1296
2160
-416
896
1216
2256
-48
16
-320
560
-1168
-96
-1392
240
-624
672
3248
-1248
-112
-144
-2704
592
-144
272
-368
-368
128
-192
-3008
1712
-1264
-512
4560
-176
-160
-2656
2432
-272
-224
-496
-2032
-512
-2000
160
-480
-704
736
-704
1232
-560
720
480
-1232
1856
-1312
-1088
192
368
-608
528
-944
-320
16
-1072
-1200
-928
-400
-464
160
-448
-1600
1792
3168
-784
752
-768
-672
-928
720
-1456
0
-640
1984
-48
-416
-832
2336
-1216
352
-416
2816
144
544
-1456
1280
-336
-224
208
16
-912
-272
1648
-896
-304
-1776
256
256
224
384
656
-688
-1344
4048
16
-752
-304
288
1040
-576
-256
-4640
3744
736
-640
-288
1136
192
-96
2576
-3808
80
-400
-112
2592
704
-4976
-896
-1408
-3184
-9840
1264
5168
-2480
-3616
-896
-1184
2000
2272
784
-224
-1504
1536
9200
-672
-576
-2576
1952
-5968
3504
112
-832
-976
-3024
2352
-1664
7952
-2000
592
3728
-896
192
4944
3680
-752
1088
1744
1120
-5568
6224
-5216
-2848
7392
672
-3248
6544
-2832
-1520
-5232
1712
3744
2336
-1008
2224
3376
-1136
-272
6832
592
1232
-128
-9520
6320
4896
-144
-2944
336
2128
1584
2416
-3744
1504
2464
-1552
-3536
-7952
-10656
3040
-7104
-4016
-4080
-7104
3424
10320
2608
-384
-3136
368
-512
5312
-7904
-4624
7104
32
-1008
608
-4176
656
-1744
3280
-3360
1168
-1232
-912
-1552
544
-4128
-1120
-192
-4944
5776
-2480
-3408
2784
-8720
7760
-2240
768
944
1344
-832
-464
-4512
3200
-9152
-528
-14848
3152
-1248
-304
-704
-208
80
4064
-2144
4512
-1200
-768
-2032
512
-896
1088
-128
-48
352
160
-960
1120
-896
-2128
-80
-640
-176
0
256
224
-1040
-1168
-288
1152
-608
-896
-832
0
480
192
-1968
2272
-1728
-320
-192
-816
688
-128
112
288
1904
-256
-288
-512
3024
-704
304
-400
192
368
-400
-160
-688
2320
-208
-2208
48
768
1168
432
-240
-176
-256
496
208
-400
2016
-1184
512
864
-1040
144
32
1344
1568
-416
-224
832
-592
-2672
1104
1952
-448
64
-128
-704
-160
720
-32
-464
-3008
-1072
-464
1936
-128
-448
-1296
128
-2528
3904
-128
-288
48
-416
-1264
-960
4048
64
-368
160
-240
416
-32
1904
48
-400
80
-1344
2720
1392
-4144
4480
4976
2368
2288
16
-2880
6336
-2544
-928
-7152
11712
-8496
3200
-3424
3872
11952
1328
-1040
6544
4672
576
8672
-5456
-4800
6192
-6592
2784
2224
832
7264
-400
-8224
1888
1232
-4480
9568
5360
416
1568
-368
-5200
1744
2192
-1120
-4240
-9280
2512
11504
-16080
8672
-2528
-1792
-17616
12944
2704
-1600
2144
1600
-3984
-4096
10304
-656
-7520
4416
-1040
3248
1552
3824
-5312
-5024
-7056
6144
80
-1600
-4096
1792
-6784
-6432
-288
5088
-4672
8768
-2400
-8224
-9472
704
-3232
-2128
1568
12432
1536
384
1776
-784
-1296
3904
-11360
3328
1632
-256
-2416
-2544
-3104
-9776
10640
-7696
5600
-832
1568
-2224
-960
-6880
7888
9200
-1152
-2624
704
-1280
592
-592
8000
256
-6608
2912
2608
1088
336
752
5376
-1840
1744
-928
4176
1120
-784
-8048
2208
-672
2656
5152
-1520
-6752
3424
-992
4080
128
-3280
1584
3888
2224
-1872
-112
-464
-688
736
-752
496
-640
-1360
1872
-400
-256
1760
368
-336
-576
-928
400
-1984
-256
2144
864
-816
-528
-448
-64
-400
656
-304
-592
-1936
1360
-896
1408
-560
464
2048
-496
2416
-1424
464
-720
576
1072
976
-672
16
2672
1600
-576
80
16
-160
1216
1360
-368
-1744
1792
1184
-880
-464
-3056
224
-768
-1696
-1248
576
-544
736
-16
1536
-464
-1184
32
656
1904
-1216
-2912
2352
368
-512
-1664
-272
2096
-1056
-3904
-160
2224
-3808
-336
-1520
1376
480
-320
-544
-432
-624
3664
96
-304
-992
-32
-1392
880
-576
80
-2592
2816
1808
-1360
-1520
7264
-3968
2352
-1344
-2768
11920
-496
-400
1168
1376
-5936
-1008
5456
16
1072
-368
160
-3984
5312
18160
1360
576
-1408
3648
-10208
-240
-1472
3520
-4368
-304
-2176
-3648
8944
-9280
-1856
-3232
6352
-3648
5792
-3264
-4288
5648
9376
752
3040
5984
-2736
3440
-4848
-3120
-9296
1648
2080
-12800
22512
4752
-3840
-1104
2608
2976
-4912
8496
6688
1680
-5728
-7584
10096
-17264
2944
-3296
-1600
-13824
3344
-10336
6640
208
-3744
128
6464
1408
6736
-448
-1360
5632
-2496
432
-10128
12608
-1344
-2672
-7216
-3840
19232
5536
3760
464
5072
-5824
-2000
-1360
9216
-8448
17616
3056
-5616
3056
-9904
208
16544
-928
-3808
1280
14096
-576
-3584
672
-2336
8384
-1904
-2544
-2928
-480
2768
-96
656
-1328
-1040
5088
-416
-11200
6576
-9136
1024
-224
5008
-960
-672
224
-1792
5136
-4032
5568
-2576
1408
-3024
-576
-3216
128
-8080
1200
1232
-1792
-2032
-2816
32
-1216
-1120
-544
304
304
-160
-2496
512
-400
-256
-2064
-736
128
-48
288
-752
-512
352
816
16
-240
-2016
2384
-1168
-256
-432
-848
160
-240
-16
64
-208
176
64
160
-224
-672
-1072
0
64
-192
-384
-816
1840
-384
-576
-832
-288
288
624
-144
-496
336
-384
240
576
-1056
-256
208
1360
-256
-560
272
-32
2016
-880
-768
336
288
160
-176
-1296
400
-192
480
-1664
-96
96
-64
624
-192
-480
480
0
112
-496
-480
1856
-1056
48
-240
-544
16
0
-144
-448
-432
448
2000
-368
-416
-512
336
0
256
-368
-1056
592
240
64
-496
-640
160
64
160
-544
-336
320
32
-32
16
-384
576
176
208
-336
-400
288
-80
272
1296
-1040
560
48
0
-384
-528
160
192
304
-304
-272
416
192
352
-240
-432
304
96
-944
80
-560
176
336
48
-256
-448
400
0
256
-416
-2960
1120
-336
416
-416
-480
176
-32
544
1552
-592
-176
16
304
-608
-672
336
112
336
-80
-992
112
-240
256
-80
-896
256
128
512
-400
-288
-288
-48
32
-384
-320
64
160
352
-384
-560
272
256
480
1024
-1248
-48
-208
336
-288
-496
160
-128
-192
-2480
384
48
-112
400
-240
-544
208
32
240
-192
-496
128
1936
-112
-464
-512
464
-16
368
-224
-944
-2368
1200
16
-304
-784
432
64
304
-160
-448
320
176
272
-128
-512
-2272
1680
48
-368
-512
64
-80
288
-336
-656
2288
-640
224
-576
-560
176
-320
240
-368
-2848
1040
-288
272
-240
-560
208
48
304
-192
1280
-576
-224
224
-352
-224
320
80
496
-768
-656
112
-16
480
-256
-496
2416
-768
-16
-352
-544
128
-32
320
-304
-464
224
64
192
-288
1104
-480
272
352
-64
-352
2080
-320
-272
96
-720
144
112
464
-336
-256
80
-928
336
-704
-544
464
112
432
-368
-480
64
96
-816
-96
-688
384
-16
320
-288
-416
304
0
320
-352
-1120
352
-224
320
-352
-528
272
64
336
-240
-448
-112
-144
160
-288
-624
48
64
336
-288
-480
160
0
256
-208
-592
64
112
336
-416
-512
48
64
336
1552
-896
80
304
160
-208
-432
16
16
336
-256
1408
-112
-112
432
-224
-496
160
208
224
-224
-592
1696
-768
144
-400
-1744
384
-320
272
-416
912
-176
-176
128
-304
-416
304
32
160
-112
-544
192
352
-352
-352
-560
240
-16
240
-80
-544
192
144
256
-272
-3328
1504
-96
32
-144
-416
256
240
144
