0
0
0
0
0
0
0
0
0
0
0
0
0
0
0
0
0
0
0
0
0
0
0
0
0
0
0
0
0
0
0
0
0
0
0
0
0
0
0
0
0
0
0
0
0
0
0
0
0
0
0
0
0
0
0
0
0
0
0
0
0
0
0
0
0
0
0
0
0
0
0
0
0
0
0
0
0
0
0
0
0
0
0
0
0
0
0
0
0
0
0
0
0
0
0
0
0
0
0
0
0
0
0
0
0
0
0
0
0
0
0
0
0
0
0
0
0
0
0
0
0
0
0
0
0
0
0
0
0
0
0
0
0
0
0
0
0
0
0
0
0
0
0
0
0
0
0
400
2240
144
-2928
944
-176
2368
-64
-3856
400
1120
1888
704
-3280
320
-304
816
-192
-2816
832
368
1344
336
-3456
896
352
1840
-976
-3456
800
-368
2176
-672
-3952
2112
48
2048
-1536
-3616
1072
-496
1696
-736
-3312
1200
448
1760
-528
-3488
1264
-832
2944
-800
-3328
1536
-272
1200
-944
-2624
160
-544
1600
-656
-3760
1664
-368
2112
-608
-3408
1504
-496
1744
-1280
-3504
992
-208
1312
-1968
-3296
1360
-576
1312
-1536
-3312
2080
-160
1536
-2192
-2512
1424
-480
1552
-2048
-3312
2016
-144
784
-1440
-3408
1232
128
1488
-1504
-3040
1408
-320
1360
-2048
-2608
1584
592
1152
-2464
-2736
1600
1104
944
-1952
-3728
1472
304
848
-1808
-3024
2320
176
1024
-2768
-2832
2368
-368
1232
-2496
-2496
1872
-16
1392
-2512
-2624
1856
192
592
-2112
-2704
2208
352
1840
-1808
-2368
2176
96
368
-2256
-2576
2096
304
960
-1680
-2512
2112
720
-16
-1520
-1568
2192
64
336
-2016
-2240
1648
-352
768
-1840
-2304
1936
-368
1488
-1888
-1552
2384
-592
1008
-1408
-1728
2144
128
656
-1392
-1968
2304
-768
560
-1632
-912
1712
-304
64
-1904
-1232
2384
-240
-96
-1920
-1088
2608
-768
-1424
-1120
-848
2576
-288
320
-1472
-688
2416
-864
560
-1168
-624
2608
-1152
272
-2112
-1024
2800
-960
160
-976
128
2976
-1120
384
-1760
848
3152
-1520
-304
-1440
608
2704
-784
-272
-2112
448
2864
-1264
704
-2096
304
2704
-608
48
-1888
992
2592
-1312
80
-768
304
3152
-1072
-1552
-1696
1376
1952
-1376
80
-1008
128
5968
-2896
176
-2432
-1392
7600
-608
-5776
5680
-1600
912
-3024
-480
-6800
6656
3936
-2576
-4016
-48
-3408
1616
10400
-6848
-2176
5552
-8464
-6880
240
-4480
-3024
6512
-2832
10640
-6544
-6480
1840
1904
2384
-8496
3824
9952
-464
-784
4416
-3776
10976
-2032
-3680
1712
-4960
4368
7840
208
2560
4336
3664
336
-8144
-9248
-1744
-1232
-816
-720
-5200
1440
1632
-5744
-848
-5344
2256
4032
12000
-6176
7152
-7680
-2960
-5392
-4640
-2960
5184
-560
-15616
-3568
2512
1376
5888
-6336
1456
-8288
13296
6592
560
-4320
-7088
-176
3984
-256
-1920
-1296
-1920
-48
2704
-3456
3440
6416
8896
-3248
6464
-2976
352
12496
-9760
2176
8064
7840
5520
-7568
4672
-2576
-2176
2944
1312
-704
2048
-128
3456
2592
1200
816
-304
2368
-3392
-3408
-1680
672
-1968
-3424
-2560
-3472
2496
-1584
480
-352
-48
2224
2528
-3856
-752
-1952
1680
-1472
-2368
384
-624
2192
144
-3376
-1232
2560
1360
480
-2736
1696
-560
2480
-128
-2496
2544
-1264
2880
704
-3824
1216
-48
1424
272
-2784
-256
-496
2656
-96
-2400
1040
-176
1936
0
-2528
1552
80
2432
-784
-4048
640
-32
1504
1776
-3296
432
-304
2320
-816
-2880
2720
-96
1760
192
-4000
1440
416
2320
-672
-2368
816
-1392
2016
-1008
-3680
144
-1248
2304
-976
-2160
1296
-400
2272
-960
-2960
672
208
1840
-1488
-2064
1248
-704
1616
-656
-2576
208
992
1216
-1776
-3536
1440
-1424
1728
32
-3776
1728
352
2192
-1200
-3616
1264
-144
2016
-2240
-3328
880
224
1744
-1504
-3360
1408
800
2096
-2000
-3664
1104
-80
1536
-1984
-2192
1408
-912
1392
-2384
-2512
2048
-1184
736
-2336
-3504
192
-144
-3920
4528
-6016
13344
-4992
-2960
-2672
-3136
-5280
12432
10912
-14720
224
-10752
-1952
-5616
-13152
-5904
-1440
-1504
1600
-4160
-11024
-5296
12224
2688
1840
-15184
9552
-2656
-5888
11952
10128
3616
4960
448
-6832
-640
-7648
-8352
2544
-4736
-3424
2192
-6176
-5360
5264
-4000
-2080
6224
-4688
-496
-3264
1744
6544
7680
-2528
-8048
3088
1584
-7616
-6960
9040
-2864
1536
2576
-5744
-7120
-736
-944
6016
-9904
-19008
4960
-3152
-2384
-384
-3952
3200
-3232
11616
-9120
-7280
1280
2384
2080
3600
-9664
256
-6224
-3040
-7152
-10768
3856
-6416
832
-3408
-7104
-1760
-3424
-4624
1696
-800
4544
-3008
640
-3936
-4464
4384
2672
2000
-1824
-1488
-1856
-4880
9984
2416
-2128
8864
3232
9920
6480
7872
4960
-4448
-992
11264
-1184
1904
4752
-8688
4592
5296
96
688
6016
-1744
5888
5408
4720
-992
-816
1728
144
2176
-12096
-10816
14176
-16768
14320
-7808
13040
-32
624
-11216
-3680
-3152
512
784
-2176
-816
-560
-448
3056
-1680
-5776
-4272
-576
2112
480
944
-1648
864
1872
592
-432
-1792
-96
3840
-768
688
-2000
784
3552
-848
-480
-2176
384
2000
-1232
-736
-1648
1664
3616
-3280
-256
-1856
1328
2816
-1536
944
-2576
1712
3024
-416
32
-2640
1232
1984
-1008
400
-3328
-576
3040
-496
-560
-1504
2672
2608
-1808
672
-1664
1936
2480
-1648
-832
-1952
2512
2384
-2080
704
-1472
1680
3312
-1760
720
-992
2400
2960
-1872
896
-1888
2256
2944
-1904
-256
-224
2336
3344
-1472
272
-1424
1952
3200
-2208
176
-336
2144
2560
-1968
304
-144
2576
2336
-2064
-80
-960
2016
2784
-2384
560
-1328
1968
2352
-2304
-48
48
2944
3536
-1760
-16
-880
2176
2480
-2256
-288
-864
2864
2448
-1056
-448
-816
1152
1952
-1232
1072
-1824
2752
2832
-1296
-912
-1728
4048
2064
-1776
-1808
-1360
3088
1616
480
-9392
-5584
11552
-4576
-16432
-8416
-8768
3040
-5840
1216
1808
-3360
10960
-1024
5824
-864
2448
6240
-7696
3136
-2720
-6000
15648
-7600
2480
2016
6272
7872
12096
5792
2976
-3920
9232
-432
-7472
1056
-2560
336
4928
-4528
-4112
3248
5488
3376
-4960
-7200
3280
7856
-6080
-4112
-736
2064
1856
3696
-19344
976
4208
9216
-15680
-3072
5600
-5008
2688
-2832
1488
6576
-848
2208
9696
-928
-2496
416
2960
2256
1744
-1472
-2960
-12496
256
9984
-3968
1152
2512
-3664
-512
-768
-2592
-816
3136
-3600
-2272
-640
5024
-48
-8448
464
288
-2160
3632
-3120
176
-3728
5152
4640
-1968
224
544
5584
-928
-2032
-2288
-640
240
-3456
4336
-8368
496
5408
6176
-3904
3680
8432
-2464
6752
-6416
7984
4096
-1648
-2816
256
2224
-5776
5376
1648
800
7504
-6240
-2288
8928
-9552
-8512
-5136
6496
-512
-4032
336
-384
1504
-1680
-4576
-848
704
2352
1024
-1856
160
-384
2096
-864
-1776
1232
-672
2672
-352
-3232
1008
160
1888
16
-2000
48
-128
1088
-1824
-2784
640
-192
2352
-544
-3392
720
-816
1216
-576
-3392
1680
-816
3488
-304
-3936
944
144
2704
-80
-1856
1120
-864
-48
-880
-2816
832
1168
1664
-784
-3584
2320
384
2656
-880
-3840
1088
112
2096
-1408
-1920
992
272
2560
-960
-3136
1728
48
2208
-1840
-2864
1264
-160
1216
-1296
-3104
1952
256
1872
-1920
-3920
320
208
2352
-2240
-2960
992
-1280
2416
-896
-4432
1344
192
736
-1008
-2720
1552
672
1424
-2608
-4000
1616
224
400
-3008
-3776
384
1056
896
256
-3584
2080
1088
1376
-864
-3568
1424
1440
4464
-3072
-144
1248
6608
8752
-19840
3424
-880
9248
3296
-8688
-10736
-12160
14224
128
-7408
-15568
13664
4528
-10352
-9360
-3776
7920
4800
-7104
-6960
-13216
-4528
-1408
5808
-2960
7648
-5312
480
-416
-4608
-2080
2112
-2768
-1280
-12032
864
5008
-1136
-5840
7936
-14048
-288
-1760
-5888
-3168
-6960
-4816
1904
-3024
-5632
-336
1456
-5920
2560
4496
-192
-3392
-6528
5984
240
-8336
3440
-6000
3888
-4064
9152
496
-1376
1904
-3872
1264
4592
1008
3216
-32
-4224
2160
2240
-2768
3472
-3808
-464
-832
-1104
0
-7680
1552
3872
-880
-976
-208
1664
5952
192
-1888
-2528
2464
1584
-3264
-4304
7296
-4400
-336
-2016
1408
-5952
4912
3056
5200
-1856
-6560
7344
-1408
-2656
-4928
4976
2000
-112
3488
-3552
-4768
-2592
4608
3040
-5344
-5856
-432
-2576
480
3360
0
7952
-5248
-5472
1152
3168
-31248
9760
-13568
-976
-7376
4992
1088
-1936
1152
-3584
4080
-1520
736
192
-2688
4176
3360
7232
-6592
-208
2048
-1168
96
1360
-2160
2944
-1616
2496
-1984
-80
1792
928
512
-304
-1504
3024
-2816
-16
-2032
-1440
3936
-1952
1344
-2928
-176
3328
-608
592
-1120
896
3056
-2208
656
1440
-1568
288
304
-816
-80
-688
3472
-3344
2208
-1280
-720
1024
336
1328
-2048
1024
1680
1856
864
-1552
16
2592
16
-720
-3680
352
3008
-576
208
-1440
-512
2736
-1728
-992
-576
-1648
2832
-608
832
-1424
-592
3056
-1232
960
-1840
496
2736
-1184
-176
-688
-352
2592
-336
-528
-2400
384
2432
-640
912
-1696
176
2320
-1232
-432
-2032
1056
3152
-1536
-208
-1664
448
1536
-640
-1024
-3136
-656
3744
-2752
-8272
5072
-464
2704
-13088
10160
1312
2544
5168
-8048
-13632
-3728
304
11536
-14128
6064
6032
3392
4512
-15104
3632
2992
-6960
7168
-1072
-5920
-4480
-832
14048
1424
2448
-3600
-3136
4608
7440
-1280
-11456
6288
-5184
-2656
-3840
-3488
5280
5664
1408
2976
-8208
-5072
2720
-240
4224
-3376
2128
7584
-1248
-336
224
1520
7104
416
-3136
-112
-1408
6128
2528
1744
752
-2256
80
-192
2688
-1536
256
4144
288
2432
-4880
1520
6320
-2336
2704
-5312
144
5680
256
-6064
-2880
1760
9344
2592
-1360
-2144
-1344
4336
3088
-4096
-4368
6224
3072
-3424
-3024
5360
-1216
1776
1696
4832
7328
8368
752
6176
272
-1184
1024
304
6976
2352
9120
23120
-9312
-5360
23456
-3664
-9792
8336
12928
-784
-576
-1360
5264
-6704
5456
-1200
6288
5936
-512
1056
-4560
2848
5328
-816
608
-1456
3440
-752
288
256
-1904
2192
2976
-1952
2832
-1936
1088
2080
-2416
1024
-784
1184
2672
320
-320
-944
3440
3984
-2848
640
0
1568
1360
-672
-848
-2304
2304
3888
-1616
-1072
-1632
1536
3312
-2400
-16
-1408
3024
2368
-1824
576
-1456
3088
3232
-2192
-464
480
1792
2800
-1360
544
-1248
4336
3472
-2608
-144
-752
1984
3008
-2256
-32
-1024
3280
2320
-608
16
-1024
2016
2608
-1904
-400
-928
2928
2592
-2688
-112
-1632
2064
3296
-1744
-144
-1120
2736
2608
-1152
-560
-352
1904
3456
-1120
192
-1376
2592
4880
-1072
0
-1168
1968
3008
-1584
1040
-1344
2336
1152
-1824
-656
-1088
1760
2560
-1472
16
-1936
976
2176
-3584
-416
-1376
2880
3184
-1696
-80
-1648
2688
2320
-1776
656
-1392
2224
3088
-3136
560
-1024
2816
2880
-2144
976
-768
1808
2864
-1520
-240
-1072
2016
3840
-2512
768
-1440
1904
2384
-3120
-592
-736
3200
2928
-2960
400
-1200
1936
3248
-2032
-464
-1472
3264
2336
-2624
-784
-352
3264
2112
-2352
-416
-704
2800
3440
-2064
-656
-1120
2352
2080
-2576
304
-608
2688
1808
-1952
464
-720
2128
2688
-1600
464
-1024
3168
2912
-1440
1936
-736
1824
2464
-1808
352
-928
3536
2464
-1536
480
-160
2640
3088
-1600
0
-864
2624
2272
-2736
-128
-1360
2800
1664
-1872
96
-1440
2688
3248
-2336
64
-1312
2704
2208
-1856
496
-1152
3152
2128
-2224
320
-944
2304
2064
-1008
400
-768
1984
2496
-112
-80
-1504
2800
2560
-1296
464
-1312
2032
2864
-2048
512
-752
2624
3408
-1808
160
-1040
2384
2864
-1904
112
-1472
3200
2736
-2080
-816
336
2480
2352
-2592
64
-528
3120
2208
-1584
608
-1440
2528
1488
-1840
288
-1056
2624
3408
-2192
-688
-352
3664
1936
-2272
720
-896
3568
2528
-1856
-208
-880
3216
2640
-1808
-160
320
2720
2480
-2192
784
-128
2864
2592
-2176
-272
-880
2224
2640
-1808
-416
-96
2704
2912
-2144
-656
-128
3504
2448
-2176
64
-976
3328
2416
-2496
-16
-352
2432
2032
-1920
-32
-768
3312
2000
-1984
512
