0
0
0
0
0
0
0
0
0
0
0
0
0
0
0
0
0
0
0
0
0
0
0
0
0
0
0
0
0
0
0
0
0
0
0
0
0
0
0
0
0
0
0
0
0
0
0
0
0
0
0
0
0
0
0
0
0
0
0
0
0
0
0
0
0
0
0
0
0
0
0
0
0
0
0
0
0
0
0
0
0
0
0
0
0
0
0
0
0
0
0
0
0
0
0
0
0
0
0
0
0
0
0
0
0
0
0
0
0
0
0
0
0
0
0
0
0
0
0
0
0
0
0
0
0
0
0
0
0
0
0
0
0
0
0
0
0
0
0
0
0
0
0
0
0
0
0
0
0
0
0
0
0
0
0
0
0
0
0
0
0
0
0
0
0
0
0
0
0
0
0
0
0
0
0
0
0
0
0
0
0
0
0
0
0
0
0
0
0
0
0
0
0
0
0
0
0
0
0
0
0
0
0
0
0
0
0
0
0
0
0
0
0
0
0
0
0
0
0
0
0
0
0
0
0
0
0
0
0
0
0
0
0
0
0
0
0
0
0
0
0
0
0
0
0
0
0
0
0
0
0
0
0
0
0
0
0
0
0
0
0
0
0
0
0
0
0
0
0
0
0
0
0
0
0
0
0
0
0
0
0
0
0
0
0
0
0
0
0
0
0
0
0
0
0
0
0
0
0
0
0
0
0
0
0
0
0
0
-560
-496
592
-16
144
-288
48
96
-320
-128
368
-1136
288
112
272
-304
-128
144
592
480
-160
-512
208
-80
48
160
-432
-64
-432
192
-240
-416
-336
320
-208
-352
-32
160
144
320
0
-512
352
-112
-496
-592
192
352
-16
304
-448
-240
544
-128
-448
-784
-384
-352
80
80
-784
-384
240
-400
224
-208
608
240
560
352
96
-208
-416
-624
416
-464
-288
656
192
-160
-16
-176
928
112
128
-320
-448
528
-272
48
-128
-16
496
-224
-384
-416
528
-928
-480
-160
400
2064
-704
-608
464
-304
-4848
3088
704
-672
2608
-912
-1184
4512
-3376
336
-3968
7264
-8528
1408
800
-9264
3488
-9264
1088
5536
-4816
352
4080
13008
-3312
-6976
3104
-10912
8144
-3952
-3376
-1456
-6832
-7488
-1312
832
-2272
240
-6128
3584
-176
-3408
10928
-6544
2304
14576
-4752
-432
1472
-4784
-2832
-10304
2576
-3264
144
-304
-13952
3712
-3232
8096
6512
-6144
3984
1744
3616
5248
-7280
-5136
11360
-2976
3904
5504
-6880
-2032
-8704
-11904
4416
11376
-8784
-2368
6176
1344
-2064
-3248
-1968
-208
1232
-7648
2688
-6208
-2512
5728
-2624
-1232
2080
5376
5168
-2512
3968
-10992
-1024
688
1728
-3408
-4720
-2224
-21024
8016
-5072
-3520
18368
6976
-2080
-3760
-4432
1536
1376
5776
3376
192
-2224
-5536
-4400
-3504
3296
-1344
-144
-1520
6800
-1664
-3376
-256
-752
7680
-64
352
-3008
-720
-864
-160
-1072
512
720
6352
688
-752
-528
240
-960
1648
80
528
-1200
-656
-32
-592
-112
1040
-416
-576
-64
1392
304
1152
-528
400
160
368
-272
-560
-160
656
-1584
-2016
944
-1008
496
-784
240
-528
240
48
-16
-432
-288
-96
448
256
688
-496
208
128
320
-512
-880
-208
-496
512
1296
1936
-192
-288
240
336
-144
96
464
-544
-208
-832
-400
416
-224
-384
-608
-912
288
160
192
352
-368
-992
608
-32
-432
-416
336
32
224
-304
-112
256
-272
160
-912
-224
832
-240
-208
144
-432
-656
128
-208
-240
32
784
128
-672
-544
-256
224
-304
672
-96
-112
576
-448
-16
-512
-656
0
128
1008
224
-544
560
192
624
-304
80
736
-688
-224
-496
128
880
736
-640
688
-240
-880
-32
656
1040
-6688
-2784
6624
-2688
-432
-528
-384
4496
-3936
-752
10592
4512
-736
112
1104
2960
32
2656
7728
-5040
-4752
-4032
-1840
-9792
-2112
-6400
1824
5840
-6192
2800
13456
4560
1392
-3984
-5984
-1392
-3872
-3680
-12544
11584
-4528
-608
-128
-20032
1952
-976
-1280
6272
5392
10432
32
16064
448
2032
-8240
-5744
3968
-6800
464
2128
448
-800
2960
-13040
12288
-12368
80
-2944
-2560
-4368
1136
-8512
-3296
-3408
1056
-12752
3216
1936
8848
-400
-2928
-944
14240
4336
-7616
-4432
6416
3056
-1504
176
4688
-1280
4096
-8048
256
2432
-6880
-6736
6736
-6384
-1232
-3968
1472
-5936
2864
-13504
3232
-7968
11184
3616
-912
6096
4320
5888
464
-3344
-9296
-11776
-6432
-288
-8224
12800
6640
-7776
880
-5568
-864
3088
-6960
-2992
10704
-3664
-2976
-2592
-2880
11696
2176
-464
-320
-4368
5920
13872
-4336
3120
-2560
528
-544
-1248
1376
5184
-784
-944
-576
976
432
112
2416
4944
-5600
-1280
-1104
-752
-2288
-3280
2000
-1904
224
-224
16
-224
-464
0
48
896
208
-992
336
-16
0
3072
-624
144
-640
112
-1040
-560
1040
-240
3104
496
-1088
80
352
-3312
928
-1216
-368
4000
384
-448
-208
-16
208
624
-400
-688
-32
-1680
-560
368
-1536
-528
-224
176
-336
352
1536
-32
880
-464
432
112
-192
-16
-64
-656
160
288
-256
320
-256
-2192
2112
-960
-432
1488
1104
-176
-816
-80
-896
2112
1152
-1232
-432
-864
544
-800
-320
-752
160
1376
-272
368
-128
-160
272
576
640
-96
-1120
224
64
-128
-720
-224
496
576
1120
-448
-912
64
-336
432
-336
-640
912
304
1264
320
-960
608
304
624
-1200
976
736
-576
-816
16
-304
512
-528
560
-32
-1104
-400
-1376
320
2192
-608
96
-768
256
-1408
2192
-7488
17120
-432
912
-4960
592
3904
432
-3488
-4256
16192
2080
-3072
-1168
-2480
3280
3696
6432
-1088
64
-3168
-1136
-5680
576
-9504
2512
-720
6736
-1504
-4704
-4032
160
2448
-688
-12640
17408
8336
-3776
-2944
-752
6608
3104
608
10624
768
11792
-9872
6736
-8720
12304
-1760
6656
-9120
-3968
10016
8240
6592
-5168
5152
-2016
7360
-6576
2848
6864
-3280
2048
7360
-176
1696
-2128
5584
-3760
-14656
5904
432
1952
-9232
18048
1360
8160
-1936
7920
-2720
-6240
-2480
12512
-6528
-2192
992
-144
-496
880
-2752
-3120
2880
832
-2800
2720
-5776
-3088
-9136
10976
-768
-6032
464
-3472
1120
-1136
-4816
9968
272
-2768
12112
6864
-2000
2080
-2784
-2416
-4096
784
-3184
-1312
2880
-1040
-1792
384
272
-640
960
1680
2512
9200
1184
-16
-832
-1344
304
528
-304
-912
-3040
336
-560
400
-656
1712
-16
256
-6208
2528
288
-2608
2608
-560
-1136
800
-128
352
-368
-1040
-448
160
-64
1232
144
64
1632
1824
-1936
32
-560
2144
-256
-704
-368
640
-672
944
16
-816
144
-336
-1600
-1440
272
-512
-384
592
-176
-992
736
-656
592
-960
1248
-480
688
512
560
-2064
384
-288
-800
-496
-1616
368
-704
704
2848
-368
-256
80
-176
-128
-848
576
-32
80
48
-176
-464
-320
1520
-160
-768
448
-688
384
64
-1328
-144
-800
432
64
304
-160
304
32
96
-320
16
288
-16
64
32
768
1120
464
2144
-1456
48
64
864
224
-496
2128
-928
-640
784
336
-1696
-1328
1328
-576
-2496
-1296
5248
848
1824
-192
-656
208
3392
-2800
9568
-8160
880
-1360
352
-4608
-11520
-2496
944
640
6848
-4208
8048
-7632
2032
-2496
7056
-4400
-1600
-4624
288
-5328
-6960
5968
-448
5936
256
-8368
5104
-11408
128
-8032
8848
-11104
4976
7024
-6544
-9632
6320
-4560
5856
1008
5024
-7280
-4000
-7920
7488
-2112
-1408
1184
-3680
4912
4176
288
-928
832
-2512
-480
11088
-6528
3760
48
1984
-4032
-816
3600
-13600
8464
-7504
7424
-3040
-2160
-2160
4576
176
384
1584
944
1152
6208
-7136
-12400
7824
960
-1008
-2960
-7760
2144
-2048
5408
-2176
-1568
-2272
1248
-6992
-2928
3776
5888
-1216
-768
1600
4944
-256
2768
1040
-1024
3248
-336
-7040
-656
-4576
5024
11696
1136
-6688
-2832
-2864
-4976
11120
-992
2272
-1504
864
-928
-2048
2736
-1024
-544
-2608
-7824
2720
-1712
-1248
-880
-944
-416
-656
5824
-1424
-64
-320
1568
4688
-3088
3152
-1136
176
-1392
-1872
-48
-2016
2576
-992
672
1648
-2192
1328
256
2640
1584
-384
1248
-288
416
864
-912
32
6528
-1184
-3344
4128
-224
-752
96
768
-256
240
752
1632
1152
-672
-864
-544
-960
6080
-800
-768
1728
-1840
2112
-1504
304
1952
624
1520
-2128
1680
-224
-1200
-1488
240
192
-304
-704
-352
-592
48
-256
448
112
992
-576
-2624
704
-96
-544
736
64
176
704
-1584
208
592
-128
-464
-528
-1184
-560
-1408
288
1584
-944
80
512
-1392
6656
-624
-1280
-768
128
-816
880
-96
400
4416
-1312
-400
3328
448
496
-112
112
-272
1888
-176
-832
1968
-400
-768
1568
-2768
496
-1200
64
-2832
2288
-1648
144
-4160
16336
7216
-5664
-8112
-10608
-4624
7408
-448
-7904
7984
-7280
-6448
2448
-5040
4624
-2208
12880
-7408
-1264
304
6144
4432
5664
1824
-1152
3120
-7296
896
-7264
3920
-2512
8816
2544
11456
-6688
13280
-4176
3664
-13040
-464
25936
2368
960
-6960
-6480
2880
-2256
-6432
-6080
-1152
-1008
-20416
15856
10032
6496
-14336
7952
-7616
1472
-6800
-1440
7360
4752
784
3792
208
-592
-3152
2384
6096
4672
-4336
-11488
-6336
-9136
1872
4144
-256
-12688
7376
9792
2608
4336
592
976
3232
14448
192
7488
5680
-1552
3024
240
576
-2576
5968
-13968
-18160
11696
3088
3312
-9008
-6944
4640
-12432
-5776
-5008
-1328
-1024
10800
-3440
832
-688
-944
4240
6576
-3952
1200
-3776
2144
-5472
2608
14128
-7328
4144
-640
8736
-14544
1120
-23840
11600
-3408
-2176
-6064
-3296
2784
6688
-6704
-5904
1232
-4240
-3952
-2384
-96
-2272
464
2576
4544
-3392
12640
-2208
1264
2688
1296
1248
-1504
80
-1536
-2128
-3520
976
-4768
-480
-16
1472
-448
0
144
2224
-496
-1536
1728
-1264
-400
3856
-1152
-896
256
272
-672
336
-880
-5328
1376
-64
416
688
336
-448
112
592
-80
-160
-240
96
352
-672
672
-704
-144
544
-512
-656
1520
32
1152
-416
-80
48
928
1072
-400
-608
816
-16
496
-160
-176
-144
32
-352
-560
-464
-176
160
128
16
-192
-352
-240
336
-96
-96
-272
-192
816
-112
448
-96
-96
112
-272
544
48
128
144
848
-96
-80
224
448
-176
-160
208
176
384
-272
-224
-160
-64
528
-128
-416
-240
400
400
-304
-160
48
368
448
-96
96
-48
192
576
-256
-16
-96
496
528
-512
-32
-240
256
1104
-400
0
-272
336
-272
384
0
-128
0
512
-752
144
0
48
64
-208
-48
-224
288
432
-448
-112
-160
912
96
-192
352
-48
272
368
-336
16
-144
304
240
-368
-128
64
368
64
48
-208
-256
352
480
-384
-32
-192
272
336
-48
-32
-32
256
464
-608
-208
304
432
384
-416
-96
-96
320
512
-432
16
-32
304
80
-240
16
-128
176
480
-160
-32
-256
192
512
-576
-96
-112
304
352
-144
-80
-240
368
96
-240
-144
80
224
400
-176
-64
-48
160
320
-240
0
-112
320
256
-224
-224
144
176
336
384
-240
-368
208
336
-352
-144
-32
144
496
-288
-400
-32
256
144
-288
-176
-112
-32
464
-416
-48
-80
160
704
-16
96
-512
336
288
224
-720
80
464
720
-464
240
-384
160
144
64
0
-160
272
16
-256
-16
-96
32
416
-208
144
-128
-192
384
-336
80
304
192
128
288
-288
-48
480
64
-288
400
112
224
800
-256
-544
128
272
544
-64
-352
-592
272
-192
-560
112
-112
224
496
-320
-32
-192
32
208
-240
128
80
592
64
-368
48
-144
-272
336
-544
144
-224
352
