0
0
0
0
0
0
0
0
0
0
0
0
0
0
0
0
0
0
0
0
0
0
0
0
0
0
0
0
0
0
0
0
0
0
0
0
0
0
0
0
0
0
0
0
0
0
0
0
0
0
0
0
0
0
0
0
0
0
0
0
0
0
0
0
0
0
0
0
0
0
0
0
0
0
0
0
0
0
0
0
0
0
0
0
0
0
0
0
0
0
0
0
0
0
0
0
0
0
0
0
0
0
0
0
0
0
0
0
0
0
0
0
0
0
0
0
0
0
0
0
0
0
0
0
0
0
0
0
0
0
0
0
0
0
0
0
0
0
0
0
0
0
0
0
0
0
0
0
0
0
0
0
0
0
0
0
0
0
0
0
0
0
0
0
0
0
0
0
0
0
0
0
0
0
0
0
0
0
0
0
0
0
0
0
0
0
0
0
0
0
0
0
0
0
0
0
0
0
0
0
0
0
0
0
0
0
0
0
0
0
0
0
0
0
0
0
0
0
0
0
0
0
0
0
0
0
0
0
0
0
0
0
0
0
0
0
0
0
0
0
0
0
0
0
0
0
0
0
0
0
0
0
0
0
0
0
0
0
0
0
0
0
0
0
0
0
0
0
0
0
0
0
0
0
0
0
0
0
0
0
0
0
0
0
0
0
0
0
0
0
0
0
0
0
0
0
0
0
0
0
0
0
0
0
0
0
0
0
0
0
0
0
0
0
0
0
0
0
0
0
0
0
0
0
0
0
0
0
0
0
0
0
0
0
0
0
0
0
0
0
0
0
0
0
0
0
0
0
0
0
0
0
0
0
565504
128512
-12288
-36096
173824
-205056
1389312
9374976
-429824
77056
-128512
732928
891136
1189120
-3055360
18731776
3396352
279808
46336
28928
78592
96768
84224
1054976
719104
146944
-17408
126976
-110080
2195200
2222080
1824256
445696
1868544
4883712
-7142144
15568384
-2540544
732672
-1907456
16052224
1396224
7952640
11549440
4123904
820224
407296
709120
7290880
-254464
249088
1179648
1058304
851200
463360
768512
1268992
3226112
4591616
6211328
4427264
4524800
396800
640000
561664
805120
1415936
6065152
-2723328
2466048
624896
20736
5074176
8065280
9552128
-5798144
8446208
7139584
4611840
3977472
3062528
-14347776
77941760
-2380800
20654080
169216
-210944
2113536
7455744
27523328
161123584
337555968
33401856
61166080
85459200
-22769664
82533376
7803136
28513280
111613696
-2695936
-16995584
81642240
-32985600
12401664
4708864
4231424
2742784
-5663232
76321536
12773888
3564544
75548160
51238656
14745600
1600000
-14380800
85842944
48615424
-75252736
93063424
9287680
-2002176
17568000
15125760
2797824
52148992
12600064
-5330432
13596160
22162688
-1370880
7915776
25752064
32638976
-5623040
-744960
32914432
-29367040
32100352
-83189760
222740480
202664960
-55882496
17787136
-21771008
26717952
5893888
942080
6182656
23601664
28779520
14405120
-233216
39936
34816
2738176
24035584
-12128512
9590016
-917248
490752
780544
2550528
7497984
3369472
2323456
1470976
11569408
65099264
13262848
-7727104
10690048
1197824
2537728
281856
1655040
1589504
7092736
19952640
4976640
-2267136
3220480
-2154496
1630208
901376
454656
8457216
7434496
10385664
14744832
184576
13056
500736
1231360
614656
-17152
2679040
9325824
715008
-376064
168192
63488
40960
-40960
391168
275200
521728
8689408
-2646272
704768
229888
107520
50944
-5632
30976
21760
73984
-2816
295424
1936384
12893184
6587904
1480960
-563456
405760
445440
139776
104704
47360
2921216
366848
9984
36608
1276160
1675264
1048576
286720
254976
222464
430592
497664
624128
950016
168192
-153856
203008
566528
502528
315136
309248
338944
240640
100864
383744
1142784
57856
-18176
79360
107520
96768
178432
681216
475392
213504
27648
265728
1381632
17920
250368
697344
8204800
-1632000
550400
891904
1563904
853504
516096
7680
-285440
642048
354816
-157440
390400
451840
522496
-765440
2381824
-61440
-239616
941568
4391680
-720384
140544
157696
110592
417792
-475136
570112
678400
-854784
828928
-323584
276736
430336
722176
1915648
14311936
1495552
408832
-3072
516096
-1654784
4505600
1527040
706816
1531648
2042112
2246144
1405952
239616
-449536
307456
1724416
1847296
-77824
751872
-9984
153344
617216
7367168
7507968
-2156544
420352
-143616
397056
-161024
88320
-89600
245760
-166656
77056
361216
2681856
504576
156672
828928
4372736
10556416
20456960
29167360
6121984
19079680
14185728
14476032
-37156608
242035200
-67673088
18883072
33634560
61892352
-36144384
75564032
16047104
23075328
350069760
78952960
21721088
-4870400
33819648
-96768
-31366912
181537280
-267819776
477962240
214503424
7090176
-29247488
97881344
12663808
56339456
198224896
-102428928
46436608
-12790784
25120768
8961024
-365312
23353856
88658944
21243136
-16190464
10507264
50973952
79406336
1510912
30702592
-4353024
6589440
-1981440
6718464
31485952
181346048
-75762944
58004480
1292800
-1021696
673024
-205056
487936
6666240
60006912
12465664
2283264
-9118976
36139264
-1604096
3437568
22306560
40308480
25409536
23685632
13314304
16386048
28666368
56242432
-11803648
1499136
9277696
13538816
4616704
1158400
3558400
6631424
-8536064
14315520
15037440
14315776
2807808
-368640
126976
-2034688
21488896
-29575936
47006976
110075136
22282496
-3918080
4411648
5770240
-2123776
661504
10896384
32795904
28901632
13043968
7010560
-1554176
371968
-484096
427008
1524736
4067840
16672000
13593600
665600
112640
86784
2048
-73984
858624
-167424
-5376
49152
72448
-24064
80896
475136
553984
459008
175360
12544
-88832
226816
613120
1488640
92416
-659456
1368064
1004544
388864
2072064
7590144
19072768
-171776
-615424
538624
1092608
-331264
1084672
909568
112384
-40192
79616
289536
891392
1356544
-1190400
1276416
3582720
3932160
3023104
7528704
11534592
9723904
-2699776
752896
340224
86784
1210624
4864
865792
1394176
2854656
2977536
2989312
114944
-812800
1544448
84480
67584
107776
26624
329728
1018880
630016
-326656
1003776
1919744
1681664
941312
464896
384000
862464
4874752
10098688
761344
256
3245824
-1068800
494080
668672
3223552
13762560
-4675584
1552640
346368
222464
329728
62976
51456
-89600
10347520
1853952
690432
1056256
356864
24832
113408
497920
1459712
183040
385792
113920
485888
767488
462592
-1321472
3263744
2139136
1603584
2104320
102912
-67328
81664
7680256
2573824
-107520
817152
478720
274176
144128
-322816
744704
2663424
3392512
1565696
-1927424
5478656
3044864
1133568
-85760
304384
1517824
16991744
2498048
364288
-669184
953344
921600
882944
1153280
727296
1023744
962816
407040
186880
100096
845056
3574528
2111744
1909504
550656
5885184
199936
-7936
-225024
14715136
187333376
424827136
964333312
554990848
201531136
107937792
57613824
87019776
89112064
-124304384
203168512
50184704
2555648
74407424
37793280
-54116096
296403456
385188864
10932736
116695296
85952256
62913280
-26351360
19239424
3785728
-139879424
858392064
-105686784
15964416
-55977728
89793024
137200640
96223232
-7180288
95062016
221238528
226790144
-62331904
4286464
69226496
-17921792
5696768
20336896
-1693184
3744256
56758016
21872896
12083456
7622912
1034752
168448
-359936
62948352
285543424
191897088
136570368
137253376
-3693056
-2377984
8262400
93550336
22519808
5039104
-5087744
5015552
4297216
1110784
73096960
63814400
39523840
-20455936
10653952
340992
-3719168
4818944
47991040
-61785856
103102720
-12841472
7618048
4500736
6089728
8706560
19919104
19480064
17042944
-1262848
85504
-112896
321024
882688
1615872
-18944
33736448
13425664
8304128
1741056
215040
604160
-4300544
45246720
47413248
1196032
-141312
35072
-38912
592128
-629760
18165760
67404800
40319232
7687936
3899648
2714368
-352000
456448
537856
172288
2528768
467968
10715392
3837184
1574144
633344
-285952
404480
570880
1693952
45665536
3982336
388096
583936
963840
-925440
1156096
-94208
-784384
3877120
3236352
4035584
12089344
-413696
47104
-64512
784896
2998528
1275648
1667328
10746112
-1744640
344320
-678656
1269760
84480
-317184
982016
809984
582656
379904
207872
159744
-363008
1203456
415488
-64256
4397056
-2292736
1266688
918016
607488
-291072
2331136
-1156608
1115904
494848
197376
-1003264
5007360
839680
763904
1275136
1533184
1856256
-427776
729088
584704
670720
1012736
506368
-366336
223232
1233664
1027072
788992
465152
819712
15808768
2247424
377088
228096
262912
344832
3558912
1631488
-463360
102400
439552
1151488
1370112
1322496
1424640
595456
50176
-268800
1440000
96000
-256256
1140992
82688
110848
196608
202752
665856
596736
-208640
60928
792064
32512
235776
443136
1476096
1750784
1346816
2147584
230400
92160
36864
590080
-7680
2543616
1757952
1734144
1468672
1485056
43264
616960
540928
516864
555264
-260864
324864
307968
194560
-96256
890880
834560
-236032
1711360
265216
1080832
2564352
820224
-2003456
22283264
72846336
68306688
65697024
43771648
101490176
333650944
46734336
-11683584
1484032
46764288
205977600
-32573952
104733952
104717056
-32943104
-21757440
148250880
92143104
61848064
-25611008
12573952
7758080
23823616
41216256
-60442624
854252544
-411352064
162562560
98791680
-13995776
620800
129185792
-32350976
29920000
-10525440
7847424
12449280
5122816
-717568
23899392
880128
512603648
-36977408
73241856
45979392
-46040576
54702848
-32391168
-2137088
51438592
135267328
33137664
-7974144
1337344
1836800
1211392
-142336
226304
2415104
-7025920
22017280
32379136
7753984
2608384
2163456
6707712
-9112064
12581120
22123520
-7991296
2044928
4217088
2845184
1430784
327424
18943232
23623936
4038144
31826944
10322176
3080704
4510720
6445824
9596160
1547520
31657216
37812480
-3978496
-1009408
3441152
-146432
103424
317440
2433280
-4590336
10410240
-6156800
5136384
2419712
73216
650496
59136
-97280
847872
8003584
140730624
-10749696
1917184
-140544
-38656
82176
6400
-33280
173056
-48896
30976
41216
172288
1618944
13658112
967936
130560
149760
304896
510208
-292608
381952
913408
1566976
84992
77824
-45056
134144
895744
834304
-2565632
17207296
7080448
757504
732160
219904
202240
304640
499456
432128
-167936
138240
176640
252160
303104
114688
323584
645376
1224448
2787584
-159488
143616
264192
703744
294656
144640
234496
-12800
1436416
-544512
597248
-237312
98560
892928
7767040
-767744
441600
450816
500992
-515072
678912
584448
838144
846848
-379904
-43008
885504
1288192
1343488
816640
-393728
182784
-149760
602880
2408704
-670464
186624
325120
398336
620032
-624384
1251072
1782016
2217472
594944
-396032
645632
502784
299520
148224
77824
5376
167424
243712
378624
139520
-65280
606464
-511744
-584448
31172864
-155392
1337856
1246208
1024
0
0
430336
-110848
1219072
2702336
4910080
-773120
2182144
17040384
528384
16384
105472
1167616
-80384
-203776
653824
-202496
1815808
-852224
279552
267008
834304
2747648
10564096
10848768
1932544
461568
1349376
7071232
1143808
333568
196608
-203264
9711872
350464
-4352
305664
251904
1625344
36030976
8911872
-4862976
4936192
3338496
40665856
45047552
10591744
21333248
-25756160
40395776
-25866752
557828352
243656192
105088256
-96318720
64011520
416091136
86845696
-14156544
93872384
1014309888
-104784640
241396992
1031131392
819072000
526340096
29237248
-11804672
67468288
355889920
860862208
-204340992
31955712
187407616
-46572288
10769664
-7841024
5714944
35860480
186019840
81424640
-91236096
60209408
144393216
130256896
33745920
8573184
234240
6400
963840
134927104
99662080
-74471936
71584256
43264
256256
1517824
83772672
5794816
-4962304
56983552
-22415616
8990208
-9515008
12877312
7041792
71216640
39324672
29288448
121964544
97047552
70844416
-16486400
3641344
10144768
21928192
-16856320
-306688
69415424
105775872
-21225984
-10926336
55853824
15692032
1655296
2354176
72371200
326309888
65983488
13134080
-3644672
1288448
7834624
7285504
-11086336
14648320
-5105664
1269760
4975872
8984832
24478720
41721856
71169024
-11773440
2156800
-266240
98304
27648
708864
-10400000
317317376
42947072
5929984
-8639488
16569856
10472704
-1253120
282880
205056
150016
90880
-118016
437504
-431616
-632320
26324224
29862144
-4882176
852480
-404480
338944
1198080
1181952
-1301760
1794304
-803072
271616
-4080896
55267072
871424
259840
303360
777984
391936
370176
4189184
9391616
5890304
2554112
-962304
434688
500736
305664
542976
202752
335872
567552
1997568
187392
-88064
1216512
326656
65792
177664
543232
449792
352000
-1333504
6243328
5200384
3157504
792832
243456
413952
807424
287744
190976
481536
54016
157696
189952
179456
151808
345344
26880
-22272
-36096
2313984
-193536
38400
393472
873728
655360
257024
45312
64768
160512
1396992
896512
-266240
92160
198144
473344
479744
3045376
-363776
77824
698112
274176
305920
-273152
325120
638976
-122112
-37376
259328
742912
575488
402688
347392
948992
701440
225792
231936
178432
464384
1440768
2460416
302080
1280
54784
172032
469760
61952
256
-1280
6400
66304
212736
472320
43008
-300032
1111040
578560
315392
66304
-381952
1573888
407808
-150272
65792
441856
772864
1265920
1749760
-24064
501760
128768
1057536
-273152
70400
109312
59136
257280
-285440
361984
690176
1156096
1424896
1161472
1156096
-897024
1326336
1098752
316928
295680
235520
10577408
-1952512
2197760
-281600
-63488
746752
623872
80896
-8192
-41984
487680
552960
561664
873728
-1451776
6938880
-1079040
251136
-150272
153344
926464
335104
-528128
1015040
306688
81664
505088
-151808
127488
162048
362240
1009920
-90368
500992
4714240
2415360
691968
-51200
2048
40960
309248
105472
-15872
-14080
311296
1482752
1063168
-9216
241152
540928
883712
372736
-43008
104192
220416
652288
388096
-168704
106496
279040
730624
435712
58880
272896
555776
749824
-45824
-16128
19200
99328
478208
-50688
-29696
20992
176896
482304
526336
-96256
86272
209920
675840
270336
1024
50176
126976
593152
96000
-20736
-13312
107776
975104
276736
-16640
86272
204032
620800
284160
-138240
79104
256256
760064
-165120
-3840
92416
184832
369664
7168
-11264
-8960
76800
481280
282624
30720
48128
110848
695808
107520
-26624
16896
137472
784384
120832
-11264
-20992
497408
829696
327936
57600
72960
92416
471808
132352
-41984
25600
177152
666112
316160
17152
26368
46336
713728
351744
-36608
64768
312064
687616
208640
-116480
82688
256768
560384
73984
-34816
-2048
149760
1094400
328192
-7680
768
14080
755712
317952
-211712
132352
284160
509952
156928
-24832
12544
60928
295936
113664
12288
90112
200704
545024
181504
13568
21760
72192
408576
189952
-106496
84736
280832
783616
205056
-52992
95488
215296
531456
222720
49408
23552
-45056
481280
395520
-198656
169984
319744
613376
122112
-65536
80896
241920
660480
361984
-94464
25856
66816
179712
272896
-42240
61440
207616
752896
229120
-89600
79360
235264
564736
452608
73216
70912
189184
624896
240384
-20224
67840
162560
507136
91904
-61184
32000
215296
516608
226304
-58880
85760
211456
588032
4352
-20224
22016
155136
469760
104448
-40960
112128
220672
476672
375808
-36096
78848
198656
847872
369664
9728
256
20480
503552
225536
-73472
0
